 4.9097546036430364 0.000300836734705699996445 9.75749954782902790e-06
 4.9146668139422944 0.0003946475565257999765234 9.38199042866427768e-06
 4.9195839389087812 0.0003022414783228000102928 9.72870975387628929e-06
 4.9245059834596256 0.0005065343339322999965599 1.05163273551439912e-05
 4.9294329525168576 0.0003316493665007999732362 1.00899810463591073e-05
 4.9343648510074480 0.0002183158754683999901863 8.77579590665287021e-06
 4.9393016838632935 0.0003643052447434999780232 9.07011093671386376e-06
 4.9442434560212281 0.0002863797382437000211067 9.48130023064280436e-06
 4.9491901724230374 0.0003808398226041999844703 9.66702898546648344e-06
 4.9541418380154294 0.0001554020168982000028954 9.30052157088125248e-06
 4.9590984577500725 0.0001489297562261000069331 8.71792064360367998e-06
 4.9640600365835912 0.0003212455292040999801223 9.58680607373561991e-06
 4.9690265794775570 0.0003206074322955000037265 9.74598757173399584e-06
 4.9739980913985287 0.0004805190233861000208629 1.01851257355092607e-05
 4.9789745773179970 0.0001650661110773000083644 8.64854362250542745e-06
 4.9839560422124407 0.0003813994183137000160838 9.23132687400137209e-06
 4.9889424910633453 0.0004088672165140000208314 9.25122427792434875e-06
 4.9939339288571540 0.0004373495627378000058516 9.91717592119301668e-06
 4.9989303605853008 0.0004000586771075000168223 9.99419004946938476e-06
 5.0039317912442316 0.000324716057766600001578 9.02715767598498204e-06
 5.0089382258353865 0.0004216316340854000198866 9.59228348178981264e-06
 5.0139496693651786 0.0002405758566281999944435 9.33140375981332433e-06
 5.0189661268450507 8.041559535298584528509e-05 9.26138563553504408e-06
 5.0239876032914825 0.0002015154273077000043717 9.05329005124904019e-06
 5.0290141037259417 0.0001180634617744000063305 8.81230681148221388e-06
 5.0340456331749124 0.0003148859454028999998142 9.40318102685256875e-06
 5.0390821966699297 0.0003819639151072000068932 9.06193580323687951e-06
 5.0441237992475632 0.0003566008842695999746415 9.95923222507777264e-06
 5.0491704459494091 0.0003792106993090000265599 1.03636476577431085e-05
 5.0542221418221169 0.0004666249682587000078074 1.08991328376041555e-05
 5.0592788919173914 0.0003602974459480999904794 1.00760504418390497e-05
 5.0643407012919814 0.000435426466575999991486 9.59888682068197985e-06
 5.0694075750076912 0.0005363473219347999511319 1.10387081215707156e-05
 5.0744795181313966 0.000352093587751200023158 9.23733926484755194e-06
 5.0795565357350476 0.0001762273573165999923738 8.83617459923843476e-06
 5.0846386328956701 6.866431637505883303716e-05 8.41981925181269752e-06
 5.0897258146953437 0.000395487401759999973247 9.77356893440520878e-06
 5.0948180862212586 0.0003675356293595000048251 9.37717576842413646e-06
 5.0999154525656971 0.0002629862492092999983959 9.43806882588481760e-06
 5.1050179188260003 0.0003869464165649999878339 9.11988522846855990e-06
 5.1101254901046369 0.0001599925564369999878098 8.90056995737676378e-06
 5.1152381715091941 0.0002230336857390000115421 9.25076932405588778e-06
 5.1203559681523574 0.0005466687443398999830119 1.04787184423387343e-05
 5.1254788851519120 0.0003998898633860000157228 9.90131056304648163e-06
 5.1306069276307777 0.0002649069200374999893781 8.76296560038568750e-06
 5.1357401007170020 0.0002024773339646000129381 8.91505974621469816e-06
 5.1408784095437428 7.961098489235299464645e-05 9.70485165631719267e-06
 5.1460218592493145 4.521624056510790913479e-05 9.75341338443535538e-06
 5.1511704549771853 8.195734329805103946052e-05 9.20230701321494805e-06
 5.1563242018759370 0.0002001180015331000059797 9.51328092043245973e-06
 5.1614831050993102 0.0002058821230415999986151 8.71931966106572018e-06
 5.1666471698062280 0.0002432571417187000132124 9.68020992613645519e-06
 5.1718164011607479 0.0001540651273523000071557 9.11023527945781644e-06
 5.1769908043320916 0.0002633957479060000249522 8.82018706994619536e-06
 5.1821703844946763 0.0003530639806330999820767 9.89529266359796217e-06
 5.1873551468280761 0.0002190421636343000061972 9.60011168839188725e-06
 5.1925450965170459 0.0002627756309180000041971 9.59372114678749965e-06
 5.1977402387515559 5.624712920195924287974e-05 8.78360612368934288e-06
 5.2029405787267464 1.470649070978331807158e-05 8.12667972202811173e-06
 5.2081461216429368 0.0001100377117669999976583 9.05680868126949527e-06
 5.2133568727056714 4.461328626410025521886e-05 8.75656121694522785e-06
 5.2185728371257154 0.0001317658250473999973894 9.12727386167174773e-06
 5.2237940201190369 0.0001902611254109000079367 1.00700199345016119e-05
 5.2290204269068159 0.0002597355484567000108269 1.02601335965404482e-05
 5.2342520627154592 0.0001198681834354000058738 8.76520542551389663e-06
 5.2394889327766023 0.0001402222797739999878182 9.20726545919232231e-06
 5.2447310423271167 0.0003128100458045999761672 1.02095228836012159e-05
 5.2499783966091114 0.000248153232098399995683 9.94104187996591250e-06
 5.2552310008699266 0.0002813744281266000149717 9.78786312036332967e-06
 5.2604888603621820 0.0002734207384832999777023 1.00655436222632406e-05
 5.2657519803437429 0.0002949045969489000004228 9.88886183986529630e-06
 5.2710203660777211 0.0002217808154355000013671 9.74796204752267159e-06
 5.2762940228325057 9.350016148657588411271e-05 9.06098267204581938e-06
 5.2815729558817468 0.0001641273730142000088043 9.54870353806195926e-06
 5.2868571705043896 0.0001796255694493000128979 9.01734567450772883e-06
 5.2921466719846419 0.0001026752399802999976032 9.00512706027714313e-06
 5.2974414656120095 0.0001968520793371000051492 9.99873923449741194e-06
 5.3027415566812817 0.0001847128217954000027178 1.07461495538479079e-05
 5.3080469504925460 0.0001651837405829999889072 9.44515722092488463e-06
 5.3133576523512085 0.0003323221634864000030227 9.63753678722935385e-06
 5.3186736675679605 0.0002050148136115999936927 9.19280592933444938e-06
 5.3239950014588286 0.0002581567286621000044053 1.01592862706941806e-05
 5.3293216593451458 0.0003101601821764999851808 9.28118142423243148e-06
 5.3346536465535603 0.0003328818882899999736028 1.04332304173396916e-05
 5.3399909684160640 0.0001893335543928000030706 9.41653325823437795e-06
 5.3453336302699741 8.489440733394811033907e-05 9.94746475014819972e-06
 5.3506816374579680 6.537513927722120212881e-05 9.41711079055732436e-06
 5.3560349953280468 0.0001076977929301999975216 9.39892343397839135e-06
 5.3613937092335542 0.0002234109904575000101531 9.17465775102192477e-06
 5.3667577845332284 0.0002632159767639999977534 9.72525046717758456e-06
 5.3721272265911271 0.0001732066995761000064488 9.69168732816954771e-06
 5.3775020407766876 0.000111677572501699999487 9.58930025632671999e-06
 5.3828822324647501 0.0001302554113173999994924 1.04913294076677164e-05
 5.3882678070355015 0.0002399727410077999868298 1.07381939933548743e-05
 5.3936587698745084 0.0002244073804754000004465 9.77452040262031216e-06
 5.3990551263727360 0.00013824106905000000463 1.01614246858812221e-05
 5.4044568819265359 0.0001466150254127999888031 1.11167454721164844e-05
 5.4098640419376656 4.184336979821400861156e-05 9.62307933670164634e-06
 5.4152766118132956 3.258320530110474629254e-05 9.09201316481401840e-06
 5.4206945969659897 8.094313021960613564743e-06 9.54220085965027369e-06
 5.4261180028137224 1.00710601339570762178e-05 9.62197382234121670e-06
 5.4315468347799074 4.513486193725058277793e-05 8.62109128092386906e-06
 5.4369810982933817 0.0001141500504592999969914 9.87538015749931941e-06
 5.4424207987884081 6.962265396934627832443e-05 9.34579188893557389e-06
 5.4478659417046869 7.533886303929905928732e-05 9.23930344055166449e-06
 5.4533165324873600 5.876862039562801525014e-05 9.81449361674926961e-06
 5.4587725765870285 6.037785813101651704107e-05 9.57640910458461145e-06
 5.4642340794597173 6.954006285875732614832e-06 8.97471482733743455e-06
 5.4697010465669376 5.893425107290609950414e-05 1.00070762912825778e-05
 5.4751734833756585 5.718489303020260245032e-05 1.06396633306539354e-05
 5.4806513953583220 8.983670179682124939073e-07 1.00279342486369763e-05
 5.4861347879928486 3.338079269979232446179e-05 9.60564936185403601e-06
 5.4916236667626270 7.596841633554527806801e-05 9.45818459291301548e-06
 5.4971180371565245 0.0001100494706108999976198 9.99112450857300202e-06
 5.5026179046689085 5.352768026433617844272e-05 1.12896087237790381e-05
 5.5081232747996500 0.0001138384613751999976461 9.34319124684259997e-06
 5.5136341530541255 0.00011203088160679999677 1.02725447928879643e-05
 5.5191505449432139 4.975737301866567727096e-05 1.01455176246499878e-05
 5.5246724559832980 6.399912033280022406398e-05 9.87659972037423552e-06
 5.5301998916963040 2.658100021580464037926e-05 9.48300824055486579e-06
 5.5357328576096609 6.44920088179676422686e-05 8.59775128552115934e-06
 5.5412713592563394 5.42137875754392971144e-05 9.57506795496101524e-06
 5.5468154021748441 1.968857361013770938319e-05 9.72681789759637536e-06
 5.5523649919092204 2.932329171639004101102e-05 8.78399642782319738e-06
 5.5579201340090458 7.412358977362168541061e-05 8.97632256472720917e-06
 5.5634808340294626 6.64049103991592407515e-05 9.41962077140224626e-06
 5.5690470975311852 5.245010204141069536793e-05 8.87371695123527402e-06
 5.5746189300804678 4.665268079552432318828e-06 9.18115881062655933e-06
 5.5801963372491308 5.395664765762700490416e-06 9.45184964099581380e-06
 5.5857793246146050 4.531006689138737902715e-05 1.04496937991727567e-05
 5.5913678977598718 6.952915943754830574008e-05 1.01519933894269444e-05
 5.5969620622734997 0.0001659981526322000023634 9.94319656820695067e-06
 5.6025618237496557 5.786008718902968956657e-05 9.38348490254852213e-06
 5.6081671877881023 6.553121008450120724923e-05 9.25356565452715936e-06
 5.6137781599941974 3.118991591658498962461e-05 8.91972589979354573e-06
 5.6193947459789175 7.382188779534422178562e-05 9.80445947791338206e-06
 5.6250169513588535 8.919299314000534285949e-05 9.78790369007357960e-06
 5.6306447817562084 7.540351546968367070414e-05 1.00578254117267073e-05
 5.6362782427988147 1.64380844205253739054e-05 9.69071553700948778e-06
 5.6419173401201386 2.383363081051451462522e-05 9.49096957105430847e-06
 5.6475620793592762 1.948419622947355952505e-05 9.73141839154867832e-06
 5.6532124661609551 2.249213096899080734179e-05 8.55885498870678642e-06
 5.6588685061755655 5.589721443596727760419e-05 9.88019986662463599e-06
 5.6645302050591573 6.734537404546029509041e-05 9.54536224761945136e-06
 5.6701975684734300 5.043868127369104646402e-05 8.95306986331277744e-06
 5.6758706020857428 7.207218797299964545375e-06 8.57365535944022263e-06
 5.6815493115691300 4.753862916813846441286e-05 8.39321195226698532e-06
 5.6872337026022981 2.657611260001004955438e-05 8.59326243371754273e-06
 5.6929237808696405 2.412655582478078248481e-05 8.19886144057127572e-06
 5.6986195520612419 9.080439554883921353997e-05 8.31402074541031177e-06
 5.7043210218728557 6.196859468015134117178e-05 8.26508761416065339e-06
 5.7100281960059656 4.530760398225623587949e-05 8.24558647787531565e-06
 5.7157410801677537 4.363456350325493155948e-05 8.71694852351421451e-06
 5.7214596800711064 1.122715136414542626189e-05 8.19465629093699729e-06
 5.7271840014346198 3.697236437928469785343e-05 7.97784025392872704e-06
 5.7329140499826083 1.646825361930145134002e-06 7.32570339366956592e-06
 5.7386498314451231 2.652007096225734799309e-05 7.70076344642698824e-06
 5.7443913515579421 4.938726581193096835747e-06 8.07036550609842764e-06
 5.7501386160625927 1.917272486011355092281e-05 7.15619619414756642e-06
 5.7558916307063441 2.108714609046920309137e-06 7.93050721145759656e-06
 5.7616504012422025 5.653227157342816979186e-15 7.43687178747222695e-06
 5.7674149334289488 1.16830663030638456404e-07 7.31604873640372607e-06
 5.7731852330311204 1.542813123448696363072e-06 7.49900576189899984e-06
 5.7789613058189939 5.651944020580950459764e-15 7.83364798166617885e-06
 5.7847431575686432 4.927754675890211972719e-05 7.51139793111915805e-06
 5.7905307940619357 2.558365254945836942172e-05 7.21229199416421082e-06
 5.7963242210864987 6.334626814102991448126e-05 8.23528087085943268e-06
 5.8021234444357601 8.573955795732855699148e-06 7.45802521229191887e-06
 5.8079284699089522 1.919433780901898752599e-05 7.48342261657738264e-06
 5.8137393033111016 1.226417141666224837218e-05 7.88616589246751171e-06
 5.8195559504530490 9.158350607089142097887e-06 6.84861543607035079e-06
 5.8253784171514278 6.464715039383042001714e-06 7.71685677675973485e-06
 5.8312067092287032 3.250019762056380415735e-05 7.28387026202968148e-06
 5.8370408325131740 5.170445194987404174004e-05 7.73059191799844215e-06
 5.8428807928389652 3.979682591441588180052e-05 7.19248418792082358e-06
 5.8487265960460340 5.822739463114106207419e-05 6.72810961176526995e-06
 5.8545782479801884 2.898751267583502477191e-05 8.93439373374222913e-06
 5.8604357544930767 3.800478426974153702759e-06 7.53195122172609531e-06
 5.8662991214422036 1.690527363296645253863e-05 7.93615234442358536e-06
 5.8721683546909427 2.721412664817394005371e-05 7.53284810272138441e-06
 5.8780434601085245 2.497382206246934546485e-05 7.38191788476997208e-06
 5.8839244435700557 1.619322656536326780221e-05 7.87879994624812589e-06
 5.8898113109565342 2.287122475747408137273e-05 7.74189986197083080e-06
 5.8957040681548110 2.499414176203252415135e-05 7.88973719352853390e-06
 5.9016027210576363 6.707770404817087123498e-06 7.41333796771111635e-06
 5.9075072755636713 4.98213741594841127416e-05 7.42278738751403421e-06
 5.9134177375774826 1.012320057489785966865e-05 7.40241443354967928e-06
 5.9193341130095343 3.313912538976871346909e-05 7.82771993911623160e-06
 5.9252564077761836 9.038923365214554213939e-06 7.78414297258315949e-06
 5.9311846277997224 4.189032283133297091904e-06 6.81957765241686190e-06
 5.9371187790083777 4.925871245462327853296e-06 8.22039797163344051e-06
 5.9430588673363065 2.950656208162903853024e-05 7.74160220002245067e-06
 5.9490048987236204 2.796640006695689020382e-06 6.98970801153889222e-06
 5.9549568791163257 3.291810096939891058798e-05 7.39407326745512073e-06
 5.9609148144664008 1.760053179077121312027e-05 7.00122525892367918e-06
 5.9668787107317831 2.804604765419889935904e-06 7.54935481684144812e-06
 5.9728485738763801 4.393028337896801786659e-05 7.12472034983554947e-06
 5.9788244098700503 1.251023739410941972038e-05 7.19848639707103163e-06
 5.9848062246886169 2.298993585244538340401e-05 7.31123106631488219e-06
 5.9907940243139084 2.50999055669234989415e-05 7.25542771819362833e-06
 5.9967878147337306 6.003306480784597872011e-05 8.41318684094446026e-06
 6.0027876019418693 6.446558603722078587602e-05 7.59879902167601926e-06
 6.0087933919381005 4.572529327229405690181e-05 7.63334683557006503e-06
 6.0148051907282163 5.634303451619662622639e-15 6.97369299479952079e-06
 6.0208230043240176 1.379605232752621953864e-05 7.22195744164805532e-06
 6.0268468387433307 1.758072408567945435574e-05 7.59099575500479907e-06
 6.0328767000099868 5.369751317131698519522e-06 7.83218859267104181e-06
 6.0389125941538406 3.445365721289713785295e-06 8.04066689080065017e-06
 6.0449545272107903 2.664359471780448855431e-06 7.63281670925046462e-06
 6.0510025052227707 5.631584920702597185747e-15 8.19088360300883172e-06
 6.0570565342377689 5.631129091718851217872e-15 7.31835395256190210e-06
 6.0631166203098124 2.763953907953730096179e-07 7.87348685988292338e-06
 6.0691827694989762 1.238347571413515754669e-05 7.35252494892100665e-06
 6.0752549878714008 5.309706676596506768652e-05 7.82145788253060419e-06
 6.0813332814993197 5.341342479562170473227e-05 7.86765711782446656e-06
 6.0874176564610352 9.827802055123662251508e-06 7.76493498747006850e-06
 6.0935081188409042 5.051629667041878355999e-05 7.36097740224599138e-06
 6.0996046747294006 5.19862479600729387617e-05 7.63992513986676896e-06
 6.1057073302230975 6.411432755588646029859e-06 7.76324988986550894e-06
 6.1118160914246316 7.818716714502701832447e-06 7.26013590859941767e-06
 6.1179309644427571 2.861462385078757835518e-05 7.27286960603506328e-06
 6.1240519553923551 2.241172588753818404965e-05 7.41906238339636680e-06
 6.1301790703944254 9.221503994242390776889e-06 7.99632490063624552e-06
 6.1363123155760757 5.625087219796146280733e-15 7.59132161244120729e-06
 6.1424516970705492 4.644704021307630350667e-06 7.14295450769027879e-06
 6.1485972210172291 2.405544289312690306882e-05 8.06828060819844062e-06
 6.1547488935616492 1.260774322665364378796e-05 7.00895795802452023e-06
 6.1609067208554897 2.978041697845744851126e-05 7.69493272212650831e-06
 6.1670707090565609 7.742206280702133478454e-05 7.49088566216752238e-06
 6.1732408643288403 4.341627111840815230175e-05 8.50131344603448197e-06
 6.1794171928424904 2.809777819412015843585e-05 7.57969222706802977e-06
 6.1855997007738548 1.320985186444692615715e-05 7.99794983702090345e-06
 6.1917883943054450 4.132914366540036695636e-05 7.67649785471212956e-06
 6.1979832796259364 6.357449283137192879052e-05 8.70496255787769311e-06
 6.2041843629302198 9.790159688083927935591e-05 8.55678342419443131e-06
 6.2103916504193801 3.592906635629508675872e-05 7.71650942920130749e-06
 6.2166051483007063 8.830562185232556260839e-05 8.05706422676707891e-06
 6.2228248627877063 5.326658233037622250904e-05 8.04627929948535657e-06
 6.2290508001000919 0.0001095483214907999938974 8.26903287706536350e-06
 6.2352829664637941 0.0001247537326011999899572 8.27703268395305838e-06
 6.2415213681109885 5.788730230621217097984e-05 9.11213720109482039e-06
 6.2477660112800590 6.986020696068342571063e-05 7.63053911484985722e-06
 6.2540169022156569 0.0001441138306102999892041 7.83232129121243989e-06
 6.2602740471686751 9.246293208290331535303e-05 7.90125732982256530e-06
 6.2665374523962489 8.514639379304594305614e-05 7.37659686085714130e-06
 6.2728071241618064 9.683609673845477712299e-05 8.08500161260149081e-06
 6.2790830687350274 3.952169632012829663271e-05 7.58468886589561721e-06
 6.2853652923918366 4.909438291582956582527e-05 8.39945094501616482e-06
 6.2916538014144523 7.05437268289731931074e-05 7.57414726222455580e-06
 6.2979486020913962 9.241553511629448504437e-05 8.54648580348856828e-06
 6.3042497007174774 0.0001615880625560000107607 8.56274354993681811e-06
 6.3105571035937764 0.000173863648138499995088 8.96014499263806116e-06
 6.3168708170277048 9.690725626759039926933e-05 8.29154377733139489e-06
 6.3231908473329721 0.0001521723175841000017406 8.69589467915796562e-06
 6.3295172008296134 0.0001080809236578999973618 8.58571814079335305e-06
 6.3358498838439887 2.304057215599063213572e-05 8.32074193801646642e-06
 6.3421889027087941 8.43237951528234261139e-06 8.59884463812081578e-06
 6.3485342637630220 4.436157521588907814069e-05 8.74247769690899354e-06
 6.3548859733520242 7.758527841754819527175e-05 1.03992746135492617e-05
 6.3612440378275394 5.940807557198800298954e-05 8.19847491279138457e-06
 6.3676084635476196 5.078185754246757180113e-05 8.58642733761319937e-06
 6.3739792568766962 5.082301103901545684914e-05 8.74660128529988496e-06
 6.3803564241855648 3.586794232591630689775e-05 9.04320724868084605e-06
 6.3867399718513793 4.364169410295189063765e-05 9.14796236641121033e-06
 6.3931299062576983 6.809129777056220449421e-05 8.58436740017004169e-06
 6.3995262337944512 0.0001328292191581999953133 8.96836196218433073e-06
 6.4059289608579695 6.938454121927271163114e-05 8.38983725629681661e-06
 6.4123380938509937 7.996558196298359259477e-05 8.44369523241283179e-06
 6.4187536391826443 6.926642171167512616794e-05 7.42982165272582315e-06
 6.4251756032684666 7.135879871955629093812e-05 8.71759920908856001e-06
 6.4316039925304231 0.000108411552545900001206 8.12751994641393213e-06
 6.4380388133969060 0.0001316489582200000075293 8.48826724616686940e-06
 6.4444800723027376 0.000145799867441200010432 8.58679719927014104e-06
 6.4509277756891832 9.705511439318883516996e-05 8.90764249839669249e-06
 6.4573819300039537 0.0001336710018106000111716 8.44556485483383857e-06
 6.4638425417011902 0.0001299359573923000092492 8.46136268229275824e-06
 6.4703096172414956 8.173832420749193043621e-05 8.98136197008243664e-06
 6.4767831630919499 0.0001585015926738000035991 8.88107987694756711e-06
 6.4832631857261154 7.936029820007503782567e-05 8.90722682743802704e-06
 6.4897496916240103 5.288243512867252715728e-05 8.79105193867725571e-06
 6.4962426872721224 0.0001057154444472000040176 8.94322229438326628e-06
 6.5027421791634721 0.0001417745823880999867309 8.68388748068186945e-06
 6.5092481737975465 0.0001287603405585999909524 9.64301719524152854e-06
 6.5157606776803361 0.0001386454411500000053793 8.49853876730438949e-06
 6.5222796973243389 0.0002436069026332000073479 1.04539753224015921e-05
 6.5288052392485865 0.0002156144273869999895572 8.55025009107198130e-06
 6.5353373099786154 0.0002707896282882000160361 9.98937810536400320e-06
 6.5418759160464948 0.0001149744517998605179612 6.69507870972777094e-06
 6.5484210639908333 9.081530216073279912492e-05 7.29953856617704310e-06
 6.5549727603567822 9.063486748186116515394e-05 6.78191212566811340e-06
 6.5615310116960339 9.285099183408452867394e-05 7.59603597561269911e-06
 6.5680958245668357 5.785944441033123762999e-05 7.15593706520576087e-06
 6.5746672055340101 6.208465062928818169099e-05 7.46711878868942046e-06
 6.5812451611689466 6.253392627360731430893e-05 7.09824109284144301e-06
 6.5878296980495898 6.834175624256279540231e-05 7.01231490396868989e-06
 6.5944208227604788 5.218026330127369978454e-05 7.51579643998091201e-06
 6.6010185418927492 8.758425326954477510392e-05 7.48978038101059441e-06
 6.6076228620441109 7.101933131115992247663e-05 7.07162914468930189e-06
 6.6142337898188757 5.254095029316647899554e-05 7.26940456849786126e-06
 6.6208513318279767 7.454053896734785800149e-05 7.04539208311769491e-06
 6.6274754946889622 4.020608952337294153372e-05 5.77425210701758265e-06
 6.6341062850259949 3.918790632733784866544e-05 5.51851525692634831e-06
 6.6407437094698558 5.981693591599396753102e-05 5.52332787562944344e-06
 6.6473877746579850 7.743602507503590133813e-05 5.38946072876958330e-06
 6.6540384872344536 7.152162119987256940889e-05 5.20447315317970166e-06
 6.6606958538499734 1.003918159933629178522e-05 5.83802197934458322e-06
 6.6673598811618966 5.359125584187900918215e-05 5.38347450963071086e-06
 6.6740305758342506 1.176710254642618725741e-06 5.62782667927674391e-06
 6.6807079445377422 8.314104462530719539355e-06 5.51718894099871579e-06
 6.6873919939497286 2.434819411869435624258e-05 5.55014842825982009e-06
 6.6940827307542632 2.177215252961457720273e-05 5.50383278117112008e-06
 6.7007801616420890 4.189616089866658938442e-05 6.50564409533552965e-06
 6.7074842933106282 6.57665405514596437431e-08 6.04977188750833185e-06
 6.7141951324640177 3.874778948472427903644e-05 6.20903901788185759e-06
 6.7209126858131123 5.412748156707410552169e-05 5.89237653120865408e-06
 6.7276369600754524 6.896542083764113076263e-05 6.04712149084765796e-06
 6.7343679619753107 9.788987492933888285174e-05 6.33086955245761919e-06
 6.7411056982436843 0.0001095960572620000044635 6.03505594546702157e-06
 6.7478501756183142 5.615284255959124970611e-05 5.50274368035995587e-06
 6.7546014008436863 0.0001196174768537000034085 6.06512898416991636e-06
 6.7613593806710259 0.0001696769880741999937494 5.74263109832321403e-06
 6.7681241218583059 0.0001443223743237999887913 6.20346473077038721e-06
 6.7748956311702724 9.993464792843119958148e-05 5.26861713322277310e-06
 6.7816739153784402 5.908453561883160774044e-05 5.78184953094302481e-06
 6.7884589812610834 3.216952965979730721469e-05 5.28315858593665887e-06
 6.7952508356032695 2.642256196286189070394e-05 5.49610249852884941e-06
 6.8020494851968563 5.731084601113283801118e-05 5.20246139641598116e-06
 6.8088549368404800 8.784636207458656608372e-05 5.89924505847893611e-06
 6.8156671973396117 0.0001250657885440999942273 5.20858663713138339e-06
 6.8224862735065139 8.999700143613663621926e-05 5.84965378453075607e-06
 6.8293121721602636 6.880824495097333259354e-05 5.59661604807837225e-06
 6.8361449001267527 6.346902515169622154261e-05 5.94211102665475500e-06
 6.8429844642387163 0.0001109689663659999968488 5.48496225708678339e-06
 6.8498308713357190 6.747775262183234668348e-05 5.98528489068175494e-06
 6.8566841282641589 6.699849024617404431945e-05 5.88917097102864933e-06
 6.8635442418773085 4.259404103884852028699e-05 5.91636069264687646e-06
 6.8704112190352662 3.6656071252963608317e-05 5.52952662151208739e-06
 6.8772850666049994 6.105724342258014283782e-05 5.83224373164925262e-06
 6.8841657914603722 8.77124244013808494454e-05 5.71152630227476328e-06
 6.8910534004821047 0.0001568251797381000039577 6.64378250436492115e-06
 6.8979479005578126 0.0001288531784761000093149 5.74473456282035653e-06
 6.9048492985820031 6.325258917557410203759e-05 6.04958875057098292e-06
 6.9117576014560589 0.0001071767458204999956583 6.05804743433633325e-06
 6.9186728160882982 0.0001338636691651999923759 6.18760322946227037e-06
 6.9255949493939344 0.0001499598040820000039407 6.26909472412756969e-06
 6.9325240082950890 0.0001726893164999999952247 6.89440313263379107e-06
 6.9394599997208370 0.0001117220611664000007703 5.77890490611109310e-06
 6.9464029306071540 0.0001392055263696999898096 6.05176798899500086e-06
 6.9533528078969731 0.0001021214814351999948094 6.04384967259142575e-06
 6.9603096385401821 1.718297043183955751422e-05 6.03492618207038581e-06
 6.9672734294936189 4.456344261353259016828e-05 6.15494685717300327e-06
 6.9742441877210730 6.627350875035084164406e-05 5.98044016018902762e-06
 6.9812219201932937 0.0001298719459957000050068 5.70649736899775240e-06
 6.9882066338880113 0.0001007726406630000037714 5.49665366124658036e-06
 6.9951983357899348 3.380409564542255490679e-05 6.17286762398932409e-06
 7.0021970328907814 0.0001121405091090000005196 5.64989703074991842e-06
 7.0092027321892454 0.000152106883372600000786 5.91754091190581233e-06
 7.0162154406910284 0.0001011317918265000029461 5.43164036808508077e-06
 7.0232351654088392 2.267470740984164922528e-05 6.05130060174093862e-06
 7.0302619133623994 0.0001016983642336000012935 5.64799727558720509e-06
 7.0372956915784552 5.784064725140542151611e-05 5.98601154927955329e-06
 7.0443365070907928 2.473868267886292841412e-06 5.23035471827521392e-06
 7.0513843669402254 1.903633061642174390503e-05 5.99856510183294846e-06
 7.0584392781746130 1.951372634773058286337e-05 6.01138872088608996e-06
 7.0655012478488697 4.942818011393072303748e-05 6.62344341328992393e-06
 7.0725702830249535 0.0001720986488009999901966 5.82512275011045911e-06
 7.0796463907719103 4.976688513498473423686e-05 6.29147152865477498e-06
 7.0867295781658477 7.64247687577286437385e-05 6.07117516402594600e-06
 7.0938198522899514 9.705265711238118288545e-05 6.88284982411821095e-06
 7.1009172202345017 0.0001019299751562000039143 6.11668241617711711e-06
 7.1080216890968684 7.338086814045368180826e-05 6.42819341354461536e-06
 7.1151332659815081 1.785978216721186484159e-05 5.89872829559906299e-06
 7.1222519580000059 4.368305817509838016388e-05 6.57819991449399160e-06
 7.1293777722710541 9.959098767047966317602e-05 6.66131636804347158e-06
 7.1365107159204619 9.622399908842203656613e-05 6.53142071088718549e-06
 7.1436507960811806 4.040710300533885168976e-05 5.93155193539098270e-06
 7.1507980198932914 2.984822574329974107779e-05 5.78225186704949350e-06
 7.1579523945040160 2.33215800238937786778e-05 6.26995313780839114e-06
 7.1651139270677300 2.820514374868311115066e-05 5.70893832117616261e-06
 7.1722826247459661 1.424738448893012752658e-05 6.63000243338003137e-06
 7.1794584947074336 4.865503242562076272352e-05 6.16326653742717056e-06
 7.1866415441279914 6.083710940729230150182e-05 6.31020539095261097e-06
 7.1938317801906937 4.644577505339499867059e-05 5.45631425697379122e-06
 7.2010292100857765 6.312988787427919643806e-05 6.04376204791122928e-06
 7.2082338410106699 1.22017115028530494285e-05 5.71444030862901257e-06
 7.2154456801700020 7.213098219951149072445e-05 6.52546144745752405e-06
 7.2226647347756154 0.0001290891246001999869038 5.51960018993458164e-06
 7.2298910120465631 0.000102440311190400002014 6.16574777354677636e-06
 7.2371245192091154 5.651147757102331729015e-05 5.38806633860686670e-06
 7.2443652634967872 6.52392933351024273186e-05 6.14163324994433374e-06
 7.2516132521503334 9.291384827047459730922e-05 5.81254037213295130e-06
 7.2588684924177320 5.009666055583092268049e-05 6.66282053227906127e-06
 7.2661309915542294 5.55514239551540680369e-05 6.03579403796015775e-06
 7.2734007568223342 2.775045500594862930128e-05 6.40644867603088721e-06
 7.2806777954917914 4.157529439602676991482e-05 6.50574602920869984e-06
 7.2879621148396589 4.510090110745553127923e-05 6.60663863850378572e-06
 7.2952537221502576 5.720569686548996718141e-05 6.65169442119005744e-06
 7.3025526247151715 2.37504889991357068333e-05 6.25570986912478849e-06
 7.3098588298333169 4.760967488235159342149e-05 6.26353242722723632e-06
 7.3171723448109063 4.501407423995528811825e-05 6.86906934223752580e-06
 7.3244931769614459 4.130521734615376160766e-06 6.38046839761313387e-06
 7.3318213336057712 9.19038789467614600848e-07 6.31540491598413779e-06
 7.3391568220720496 1.114403333920903192309e-05 6.79411195254010213e-06
 7.3464996496957617 2.420773248764379598349e-05 6.31827364875472440e-06
 7.3538498238197310 1.38505936543641479966e-05 7.26032843241646194e-06
 7.3612073517941337 5.391294791096577643653e-06 5.74300108383092971e-06
 7.3685722409765004 5.526960607237816231471e-15 6.91396955441073272e-06
 7.3759444987317142 5.526353481246815686054e-15 5.69181812853339611e-06
 7.3833241324320387 4.212130925353946238115e-05 6.74770571275466588e-06
 7.3907111494571218 6.630620688289766760757e-06 5.90757661310733068e-06
 7.3981055571939676 5.524531406196843596819e-15 6.25480344925957234e-06
 7.4055073630369828 8.209722377033382948071e-06 5.73629083812078567e-06
 7.4129165743879772 5.70406673652680513498e-06 6.66087454270816128e-06
 7.4203331986561585 1.087547561354837388836e-08 6.17189615921027877e-06
 7.4277572432581653 3.377313401436304190101e-06 6.77170792933507794e-06
 7.4351887156180263 3.434444677049660548751e-06 6.30691660921077242e-06
 7.4426276231672261 7.439208162791460099039e-08 6.48065360967295520e-06
 7.4500739733446766 4.703150903449299750371e-06 6.29344374878021523e-06
 7.4575277735967047 5.519695667844116636938e-15 6.02779879136859028e-06
 7.4649890313771277 5.519095378897630123688e-15 6.52552538692841673e-06
 7.4724577541472188 5.518497394120838693705e-15 5.80880381075992432e-06
 7.4799339493756811 5.517892255163164639437e-15 7.26451791774335458e-06
 7.4874176245387156 8.204594493929294149187e-08 6.05978026233811158e-06
 7.4949087871200017 5.303366884098923767681e-06 6.70011612279619261e-06
 7.5024074446107054 5.51606153082495726993e-15 6.40837077200302114e-06
 7.5099136045094719 5.662054428043205281027e-06 7.25936104215570184e-06
 7.5174272743224639 7.729169083289766815025e-06 8.00122360014882348e-06
 7.5249484615633566 2.128027723947496134896e-05 7.05648562636395255e-06
 7.5324771737533363 2.75793152335034848975e-06 6.63400629767454888e-06
 7.5400134184211209 2.042423996287594806644e-05 6.71505477257017952e-06
 7.5475572031029543 2.803707803230080466321e-05 7.13485353079969975e-06
 7.5551085353426259 1.194472517365269045712e-05 7.11272394640089385e-06
 7.5626674226914652 4.006674270748894176486e-06 7.11704792204682206e-06
 7.5702338727083340 1.70700493969838966099e-05 6.80234573744359314e-06
 7.5778078929597044 1.702771587656671674381e-05 7.81190992306536575e-06
 7.5853894910196029 2.757193589283929826064e-05 6.79242094212189177e-06
 7.5929786744696219 1.7370217093363866088e-05 7.36050809970771289e-06
 7.6005754508989503 2.007698451658052288152e-05 6.97368388582089576e-06
 7.6081798279043609 2.768004730161567738937e-05 7.23061991656114630e-06
 7.6157918130902296 2.87312367705254167224e-05 7.15318072870156345e-06
 7.6234114140685456 3.374662369541555674308e-05 7.06992323817506273e-06
 7.6310386384589224 7.262926908574114171543e-05 7.12031355084183011e-06
 7.6386734938885796 5.615111308672445834551e-05 6.40739264045595216e-06
 7.6463159879923603 6.811985597187095512178e-05 6.95956902459137861e-06
 7.6539661284127538 2.935840735322713091447e-05 8.33156436034325024e-06
 7.6616239227999134 1.946066444739388151281e-05 7.83231419339617985e-06
 7.6692893788116443 4.898256592566150311504e-05 6.60808790701371236e-06
 7.6769625041133933 1.704230653250302137259e-05 8.56650317868848314e-06
 7.6846433063782760 3.057544083258960718316e-05 6.84760254956073763e-06
 7.6923317932871136 1.802879453470481436561e-05 7.66776825989919730e-06
 7.7000279725283800 5.823159907114188783579e-05 7.87421022718242450e-06
 7.7077318517982603 5.943082973075700721922e-05 7.00482169235101189e-06
 7.7154434388006452 3.721686616625604672199e-05 7.56927946872904142e-06
 7.7231627412471120 1.740329165536402659682e-05 7.25997168690275495e-06
 7.7308897668569569 7.67278183819880881466e-07 7.57496381271761470e-06
 7.7386245233572097 3.253875160159853735173e-05 7.86133061043871594e-06
 7.7463670184826237 7.63827938736538416967e-05 7.66306567376339844e-06
 7.7541172599756987 6.555200806120582192067e-05 6.96265604541190192e-06
 7.7618752555866859 4.05332310499329225126e-05 7.79499331165352308e-06
 7.7696410130735760 6.682406209437404486472e-05 7.64778403976615664e-06
 7.7774145402021233 5.804194775192716564431e-05 8.00151488441440468e-06
 7.7851958447458642 7.017849108244054556326e-05 7.77243727711396905e-06
 7.7929849344860882 4.157111513489734249197e-05 6.59324618518591184e-06
 7.8007818172118952 2.931795864559664507388e-05 7.53437275321888683e-06
 7.8085865007201720 6.007176178936309837242e-05 7.45293179810705033e-06
 7.8163989928155901 7.913092585548235158646e-05 8.02010653390773426e-06
 7.8242193013106638 6.478084613517383490936e-05 7.46915889142791136e-06
 7.8320474340256911 2.450428815475205447877e-05 8.21292324706779134e-06
 7.8398833987888015 4.105020826321291742191e-05 7.81978151061887967e-06
 7.8477272034359622 6.238400542599578451567e-05 6.58287592858569367e-06
 7.8555788558109780 0.0001235902034346000042449 7.37382052553525139e-06
 7.8634383637655025 4.032319055575989884222e-05 6.80457652806885999e-06
 7.8713057351590390 5.935826842631906474085e-05 7.69675616255333417e-06
 7.8791809778589661 5.941827434877600296048e-05 6.87185549073540620e-06
 7.8870640997405390 6.43217943838928093124e-05 7.45717513000382662e-06
 7.8949551086868768 4.43261591697255452095e-05 7.34708658878859824e-06
 7.9028540125889704 2.829704913663095549995e-05 6.78493826234749286e-06
 7.9107608193457297 5.461257618128582730279e-05 6.94195355936347918e-06
 7.9186755368639696 6.722889731452356162737e-05 6.76087101565465348e-06
 7.9265981730584096 5.646572209452787807641e-05 7.30660179993123217e-06
 7.9345287358516838 5.894216795623703178571e-05 7.49997254998714366e-06
 7.9424672331743569 2.553295989130401752649e-05 6.97667729286050400e-06
 7.9504136729649186 2.545388801288524902749e-05 7.03027132197073861e-06
 7.9583680631698064 3.998680606368532866775e-05 6.87621050193673648e-06
 7.9663304117434226 2.48089330929201775744e-05 7.13808640286611397e-06
 7.9743007266481190 2.408171721214338271023e-05 8.22709368236840271e-06
 7.9822790158542150 5.769145214511972575254e-05 7.00630939247738473e-06
 7.9902652873399900 9.04326250433069248752e-05 7.68441889597767349e-06
 7.9982595490917046 7.71207251844127438618e-05 8.13582101294863675e-06
 8.0062618091036377 8.719994444937725561195e-05 6.92505381778637740e-06
 8.0142720753780541 5.499694652207375223556e-05 7.75136067854795398e-06
 8.0222903559252234 7.051060249446780992671e-05 8.03101293507101003e-06
 8.0303166587634109 5.104144849273004996273e-05 7.82149580305215829e-06
 8.0383509919189198 5.944809081101654752149e-05 8.38003560701450831e-06
 8.0463933634260822 2.460860080947416145291e-05 7.11576379825060135e-06
 8.0544437813272847 5.052656238106656476578e-05 8.09050830766109274e-06
 8.0625022536729425 8.893538585591206967283e-05 6.94427410442810636e-06
 8.0705687885215198 7.284968179839839861559e-05 7.38991822788379874e-06
 8.0786433939395614 6.869524230378164523971e-05 8.00677222009974889e-06
 8.0867260780016696 3.681106378999076305996e-05 7.01131828774405836e-06
 8.0948168487905257 8.964105650489382671759e-05 7.79091463224415211e-06
 8.1029157143968931 0.0001388307544594999983888 7.09576570916437258e-06
 8.1110226829196517 0.0001648121410696999958843 8.21172231980214089e-06
 8.1191377624657761 0.0001785703721965000128746 8.04129383398479561e-06
 8.1272609611503430 0.0001038054210012999970447 8.06496002433247876e-06
 8.1353922870965523 4.37845023653456180625e-05 7.60717651202330115e-06
 8.1435317484357270 0.0001255676088636000127269 7.83302493802673897e-06
 8.1516793533073280 0.0001259814689217999888679 8.58461528132079064e-06
 8.1598351098589568 6.590382316658969705497e-05 7.21356376056465725e-06
 8.1679990262463757 0.000116011242127799998761 9.63813008964498370e-06
 8.1761711106335042 6.638866242988304385356e-05 8.39299112501205734e-06
 8.1843513711924256 9.055745103233204130327e-05 8.10317939181354812e-06
 8.1925398161033964 7.534975453920936554111e-05 7.67923644710955764e-06
 8.2007364535548568 0.0001003673776283999955839 7.31733168745986909e-06
 8.2089412917434643 0.0001187504282436000049633 8.24925377195791895e-06
 8.2171543388740460 8.333168989236043513319e-05 7.78501111881331415e-06
 8.2253756031596517 0.0001360726258330000005767 8.85498169805113646e-06
 8.2336050928215485 0.0002320817953462999988935 8.21894645852794119e-06
 8.2418428160892230 0.0001538324500911000109176 7.31011188093818683e-06
 8.2500887812003949 4.863379071166563152049e-05 7.77549950785015462e-06
 8.2583429964010335 9.42460394935125644585e-05 7.10252931988060798e-06
 8.2666054699453504 0.0001204463972606999947607 7.94186295589351019e-06
 8.2748762100958189 0.0002723895245866999768533 8.11947760945774034e-06
 8.2831552251231972 0.0002191099657360000047164 9.08667543188501061e-06
 8.2914425233065003 0.0001793920992369000080337 9.00137878989016974e-06
 8.2997381129330119 0.0001998201051122999890013 8.54702266229935745e-06
 8.3080420022983290 9.672708771741587486809e-05 9.04976924027855564e-06
 8.3163541997063284 0.0001219218679528999958479 7.85750170725794704e-06
 8.3246747134692196 0.0001330736183499999923836 9.49475305693159573e-06
 8.3330035519075167 0.0002117322739389000045389 8.39420211060659275e-06
 8.3413407233500578 0.0001969055749353000107135 8.61934278470696417e-06
 8.3496862361340263 0.0002347675986678999864813 9.23110535288351841e-06
 8.3580400986049241 0.0001586596957648999989179 7.92278510859579743e-06
 8.3664023191166095 0.0001397095451212000108334 9.64756667361915598e-06
 8.3747729060313052 0.0002287900727258999921711 7.85281188178013325e-06
 8.3831518677196062 0.0002552117192742999851433 8.19793109182072593e-06
 8.3915392125604757 0.0001746023846161999927389 8.34918537883153028e-06
 8.3999349489412438 0.0001473475959761999878623 8.57336616409785308e-06
 8.4083390852576692 0.0001844859628213999934616 8.06172599584988469e-06
 8.4167516299138931 0.0002495845099302999858804 7.44913116525869809e-06
 8.4251725913224593 0.0002335033287286999992283 8.70566297742222749e-06
 8.4336019779043170 0.0002907594398910000083221 8.83936728388673129e-06
 8.4420397980888442 0.0002702576105027999905581 8.06642072325238476e-06
 8.4504860603138745 0.0002705892271235999912288 9.53369106339864437e-06
 8.4589407730256809 0.0001979595837934000081802 7.82517051087054491e-06
 8.4674039446789635 0.0002358355849100000130748 8.65819284716078756e-06
 8.4758755837368760 0.0003122452922485999976011 8.85663528742998848e-06
 8.4843556986710755 0.0002655411792112999857726 7.26466458924594900e-06
 8.4928442979616872 0.0001351720252369999891989 8.41387145816524219e-06
 8.5013413900973074 0.0002295510206371000050656 7.70613638522184212e-06
 8.5098469835750183 0.0002991554431363999751355 9.33668671937084003e-06
 8.5183610869004163 0.0003364166854185999958396 9.08441100225086882e-06
 8.5268837085876115 0.0003450661664689000178961 8.28407359701410718e-06
 8.5354148571592319 0.0002498130545297999887018 9.46730884659288842e-06
 8.5439545411464159 0.0002512496671836000265536 8.50223871746875506e-06
 8.5525027690888447 0.0004156512821757999873694 9.78963475314869961e-06
 8.5610595495347699 0.0004462288923317999874731 9.19197501511787558e-06
 8.5696248910409540 0.000336037213481200024677 8.85646348670028590e-06
 8.5781988021727447 0.0003138317340340000165602 1.02520280389922802e-05
 8.5867812915040567 0.0003199920215884000215985 9.05110743021515028e-06
 8.5953723676173670 0.000457872479321599998997 1.00557213061739265e-05
 8.6039720391037680 0.0003810775471651999869206 9.54121378074985437e-06
 8.6125803145629263 0.0002988956966533000197614 7.98781859614509939e-06
 8.6211972026031063 0.0002441066048125000061131 1.11770135959109096e-05
 8.6298227118412054 0.0001345422459336000097808 8.30445718052919480e-06
 8.6384568509027346 0.000233742631604399992264 8.98102998914160984e-06
 8.6470996284218344 0.0002850941619380000153529 9.59589904685849249e-06
 8.6557510530412873 0.0003364350947075999982011 8.25945755379596358e-06
 8.6644111334125089 0.0003471065984048000161236 1.06175879149351055e-05
 8.6730798781955816 0.0002073150076947000099072 9.40060664312685578e-06
 8.6817572960592688 0.0003314356825501500129066 7.56117486016918508e-06
 8.6904433956809797 0.000291257976873149978126 7.83243721586997289e-06
 8.6991381857468024 0.0002669643417800999498843 8.00149641952339796e-06
 8.7078416749515295 0.0003085980724617500220788 8.23846657534294963e-06
 8.7165538719986575 0.0003611348275994000233714 7.84925711588947770e-06
 8.7252747856003854 0.000450236044416700044446 7.61596625513411634e-06
 8.7340044244776287 0.0004393859766805500023483 8.48113375489662274e-06
 8.7427427973600302 0.0003013943455901000158595 8.26605151086702209e-06
 8.7514899129859476 0.0003525532521675499948374 8.05450409489637553e-06
 8.7602457801025011 0.0002913277498260500165787 7.80299411793532282e-06
 8.7690104074655579 0.0001250391749104000132988 5.78886001348290562e-06
 8.7777838038397551 0.0002987304659841999920564 6.87440276600606377e-06
 8.7865659779984924 0.0002444826979580000110397 6.10628227345119820e-06
 8.7953569387239376 0.0001791666495917999997207 6.47541760325879936e-06
 8.8041566948070589 0.0001866100753282999981202 5.79833427457177567e-06
 8.8129652550476081 0.0002892247722683000165159 6.48821335954928631e-06
 8.8217826282541374 0.000296982037409599991442 6.53793175443563614e-06
 8.8306088232440239 0.0003493456806526000209094 6.65867864877685365e-06
 8.8394438488434730 0.0003044640710911000248441 6.62067736943889642e-06
 8.8482877138874994 0.0003746644839049000129741 6.67923999628781096e-06
 8.8571404272199779 0.0002933785764482000008382 6.20839561130782871e-06
 8.8660019976936280 0.0004761214804390999930442 7.43886750862791010e-06
 8.8748724341700207 0.0003929323099419000241313 7.21202713162272676e-06
 8.8837517455195822 0.0003022374195396999776303 8.63118291023809894e-06
 8.8926399406216277 0.0004536478993319999859432 7.39719139600804915e-06
 8.9015370283643485 0.0002842656448534999877494 6.72524949051885867e-06
 8.9104430176448446 9.450186580221043859251e-05 7.89719220630981528e-06
 8.9193579173691067 0.0002200365259898000064483 6.55899644037066841e-06
 8.9282817364520284 0.0003936920607938999817042 6.52727701074951277e-06
 8.9372144838174261 0.0003634493622328999890003 7.03942085297838207e-06
 8.9461561683980548 0.0001812061924098999968463 6.07631713651177484e-06
 8.9551067991356046 0.0001751313512379000124006 6.32922658884565037e-06
 8.9640663849807041 0.0002510785775430999979679 7.00876537884807491e-06
 8.9730349348929224 0.0002422990195472000051705 6.29475922697654129e-06
 8.9820124578408169 0.0002712556870504000019854 6.69646668147134410e-06
 8.9909989628019158 0.0004007313270900999960591 7.47387199661027642e-06
 8.9999944587627283 0.0002620426771738999988971 6.29891642275934430e-06
 9.0089989547187521 0.0004026740247077000250768 7.00884436099482379e-06
 9.0180124596744822 0.000453102209827499979259 7.06320151718342317e-06
 9.0270349826434302 0.0002764981891895000251647 6.28130935800197927e-06
 9.0360665326481104 0.0003928950896751999760995 7.37272052955710117e-06
 9.0451071187200665 0.0003773251803902999976584 6.44443799187323330e-06
 9.0541567498998958 0.0002563135618283000124323 6.71524973633737120e-06
 9.0632154352372343 0.0001213174477660999996511 6.40762001869876645e-06
 9.0722831837907592 0.0003553430143902999759423 6.33939333618538607e-06
 9.0813600046282321 0.0003874834452357000234325 7.24040638594456957e-06
 9.0904459068264636 0.0003333384803971000016898 7.14749438027432021e-06
 9.0995408994713554 0.0004019458245298999921058 7.12007295540441341e-06
 9.1086449916579078 0.0003909722516867999921215 7.11350402040923076e-06
 9.1177581924902142 0.0001511729691902000008528 6.05310044746064208e-06
 9.1268805110814579 0.0001305262196982000114445 6.87874123996262084e-06
 9.1360119565539808 0.0002465670077267999933841 6.34440107793504409e-06
 9.1451525380392233 0.0002570891063910999817937 6.20598830333974490e-06
 9.1543022646777565 0.000387913708939599988397 7.37525516919257192e-06
 9.1634611456193085 0.0002858283175613999887131 6.74983438169015508e-06
 9.1726291900227714 0.0004112079652467999914094 6.99339561072155073e-06
 9.1818064070562073 0.0002129443938820999905354 6.74440341413355514e-06
 9.1909928058968156 0.0004719530516312999833713 6.99049328558923203e-06
 9.2001883957309847 0.0003685502172217999957392 7.25616530945218465e-06
 9.2093931857543101 0.0002059311939429999966777 7.06365221330378921e-06
 9.2186071851715994 0.0001122099148424999956681 6.30558333491774932e-06
 9.2278304031968439 0.0002786325729710999936188 7.44970043752599879e-06
 9.2370628490532578 0.0005092331061064000281499 7.31395029375517538e-06
 9.2463045319732959 0.0005086529370320999783595 8.00524040896492730e-06
 9.2555554611986288 0.000454916832262900014839 7.90765199112793387e-06
 9.2648156459801800 0.0004811055613958999913234 7.72846695417183670e-06
 9.2740850955781493 0.0005086470679108999774429 8.12039545341862118e-06
 9.2833638192619912 0.0004099694625920000156175 7.88601413281834774e-06
 9.2926518263104239 0.0001639983833928000081948 6.79664887211366135e-06
 9.3019491260114684 0.0001697612181053999953415 7.61641273965376225e-06
 9.3112557276624113 0.0001713375685774000086511 6.77272720704919619e-06
 9.3205716405698524 0.0002794714673740999739786 7.69395269196111808e-06
 9.3298968740497088 0.0003570912917658999874426 8.20942850271622053e-06
 9.3392314374272143 0.0002097125970229000036654 6.59410307690554412e-06
 9.3485753400369305 0.0004864710914369999917618 7.87593131438803356e-06
 9.3579285912227714 0.0003738259725676000154622 7.74970943106631136e-06
 9.3672912003379878 0.0002995910359286999957024 6.61968803160060460e-06
 9.3766631767451880 0.0002920903588059999976718 7.85691923417459911e-06
 9.3860445298163313 0.000139947761335599998693 6.67914622627220325e-06
 9.3954352689327756 0.000358618344746399993813 7.21052822634753883e-06
 9.4048354034852792 0.0005301658773278999751966 8.14446967360594631e-06
 9.4142449428739816 0.0005076579510400000159673 7.46382772179004170e-06
 9.4236638965084083 0.0005921535996809999466417 8.54205876397184531e-06
 9.4330922738075103 0.0003660375670281999934373 7.82374967267405434e-06
 9.4425300841996762 0.0003162299782409999887416 7.70943276081838002e-06
 9.4519773371227025 0.0004510334722373999984807 8.77655612301529248e-06
 9.4614340420238516 0.0004551758381863999988748 7.69354125036567898e-06
 9.4709002083598435 0.0003971531352069000079912 7.70651846227180957e-06
 9.4803758455968321 0.0001308278841478999936568 7.74765049359670024e-06
 9.4898609632104431 0.0001976235942006000073905 6.61358613942340159e-06
 9.4993555706857968 0.0002324885214569999902171 7.40941383805379184e-06
 9.5088596775175240 0.0002174409856364000034803 7.42424066142292187e-06
 9.5183732932097271 0.0003783069933652000128507 7.94286341053310374e-06
 9.5278964272760156 0.0002304014640030999994721 8.77445542273404287e-06
 9.5374290892395344 0.0004094750034493000010079 8.06637717676061586e-06
 9.5469712886329354 0.0003182942186291000115188 7.26783738270302419e-06
 9.5565230349984116 8.488471791987724245944e-05 7.96366764664703855e-06
 9.5660843378877161 0.0003229449514753000003743 7.51745494982218394e-06
 9.5756552068621552 0.0004716455473585000248565 8.00863895526835256e-06
 9.5852356514926047 0.0003787941714330999806205 8.97648410013824665e-06
 9.5948256813594917 0.0005312570913197999606867 7.87300127823284049e-06
 9.6044253060528568 0.0004303579253950999853814 8.33485143055736527e-06
 9.6140345351723298 0.0004062597501104999874084 8.86840964979003211e-06
 9.6236533783271483 0.0004134189189861999956174 7.43840416964099641e-06
 9.6332818451361444 0.0004479247560014999979087 8.72011645975592634e-06
 9.6429199452277885 0.0004478275159250000216765 8.62917009201149322e-06
 9.6525676882401754 0.000466219034375599998641 7.92717284671709646e-06
 9.6622250838210597 0.0002716712129581999785911 8.68825299242859703e-06
 9.6718921416278256 0.0001032530673457000028282 8.08346778908281497e-06
 9.6815688713275421 0.0001580893144653999922954 7.04680088518666717e-06
 9.6912552825969485 9.660420094712819855717e-05 8.13462122392485963e-06
 9.7009513851224423 0.0001677314818033000124245 7.85231238645677693e-06
 9.7106571886001181 0.0002436337267154999952981 7.32034212844811215e-06
 9.7203727027357907 0.0003668360741511999872574 9.93693908423339950e-06
 9.7300979372449916 0.0002500396503904999973705 8.07909457600202027e-06
 9.7398329018529353 0.0001891181004641000120304 7.62182528243062185e-06
 9.7495776062945865 0.0005226309632811000161282 9.37147426211200316e-06
 9.7593320603146481 0.0004003161634963000019977 7.77864318331036049e-06
 9.7690962736675822 0.0004613989560361000203878 8.17325471693035792e-06
 9.7788702561176155 0.0003789862732388000142979 8.78869106282303587e-06
 9.7886540174387306 0.0005937570322145000432934 7.83130054619174111e-06
 9.7984475674146641 0.0005247553771219000190093 8.46316352145143028e-06
 9.8082509158389737 0.0006144778494248999845678 9.68850631699816407e-06
 9.8180640725150337 0.0005929003089967999811163 8.62491198284307376e-06
 9.8278870472559738 0.0003965398421890999861202 8.66654273090409560e-06
 9.8377198498847562 0.0005942048518109999686101 9.38452595656864564e-06
 9.8475624902342140 0.0006027928942330000377722 8.60392873739142098e-06
 9.8574149781470002 0.0004512517336733000167942 9.16629797548906049e-06
 9.8672773234755766 0.0002684981000049999847606 9.27246398698163005e-06
 9.8771495360822907 0.0002189316800536000027274 7.62636750148544232e-06
 9.8870316258393594 0.0001476610182912000107224 1.02966352478621367e-05
 9.8969236026288883 0.0003513240061376000033209 8.73623176338213766e-06
 9.9068254763428492 0.000504732358787999993259 8.73459300492480223e-06
 9.9167372568831151 0.0003197954550009999815166 9.53653452588081079e-06
 9.9266589541614678 0.0001519625184093000046844 8.55475159704554273e-06
 9.9365905780995991 0.0003608859891003000073574 7.92998819458481912e-06
 9.9465321386291272 0.0005430051098728000359347 1.05058443585167888e-05
 9.9564836456916286 0.000693031591290099984598 9.45244748417145408e-06
 9.9664451092386077 0.0007253651523025999529187 9.28976658373610720e-06
 9.9764165392314901 0.0006418766724226000145587 1.08051055212687662e-05
 9.9863979456417518 0.0006398925854012000409218 9.64518549412840564e-06
 9.9963893384508165 0.0006533027640435000449326 9.08327483191583552e-06
10.0063907276500448 0.0007261411378707999806151 1.20567516435965199e-05
10.0164021232408320 0.000701385192686599973251 1.01677237633069444e-05
10.0264235352345672 0.0006511525013046500290348 8.43277895119749796e-06
10.0364549736526687 0.0005172030446846500109648 8.92046599184001396e-06
10.0464964485265895 0.0005836337289388999777923 8.15058433062622168e-06
10.0565479698977942 0.0005335414874996500297216 7.92861417713779687e-06
10.0666095478178192 0.0003186794495034499675318 8.43604918905381774e-06
10.0766811923482287 0.0001226361337832499907256 6.99288263994504463e-06
10.0867629135606514 0.0002541894796590000072008 7.45637679322923113e-06
10.0968547215368396 0.0005171964790689000416798 9.18053996635269938e-06
10.1069566263685715 0.000642362756734949930798 8.75898388193062387e-06
10.1170686381577557 0.0004766659786343500210259 7.68212907407068480e-06
10.1271907670164438 0.0005142926666337000254914 7.23876588731114111e-06
10.1373230230667648 0.0007531838656083000328734 6.84294218050582379e-06
10.1474654164409337 0.0007204527376322000103981 7.48294334763332122e-06
10.1576179572813636 0.0006976797353507000224934 7.67910746354474675e-06
10.1677806557406036 0.0007084071969123000326804 6.71262694243731931e-06
10.1779535219813404 0.0007619415143117000280629 7.46032329154042762e-06
10.1881365661764498 0.0007550816454102000051252 7.80816949486040477e-06
10.1983297985089632 0.0006819454758506000163765 7.46949062916919484e-06
10.2085332291721151 0.000710970901974900047586 8.42521568056112836e-06
10.2187468683693634 0.0006783773017795999803192 7.63786474814954175e-06
10.2289707263143299 0.0006591426595042999521737 6.69181487044753661e-06
10.2392048132308684 0.0006229653130112999944931 7.90332954737228615e-06
10.2494491393530804 0.0005428941038488000392012 7.99201567177136800e-06
10.2597037149252994 0.0005832445230741999629698 6.59652438778809631e-06
10.2699685502020976 0.0005060816441357999509107 6.75914328205388685e-06
10.2802436554482899 0.0004279817460562999843418 6.94198796934064411e-06
10.2905290409389707 0.0001535432939757000014424 5.92691004033253069e-06
10.3008247169595393 0.0003512550005310999820876 6.89386110026026114e-06
10.3111306938057048 0.0003205325646164999841593 6.74689901535076827e-06
10.3214469817834082 0.0002037002518358999980218 5.91885343368233686e-06
10.3317735912089592 1.578358766340818834686e-05 5.83258460970029405e-06
10.3421105324089595 1.025909599396264948164e-05 6.09246516545660101e-06
10.3524578157203564 3.535226659253195812525e-07 5.66518377090180441e-06
10.3628154514904605 8.622335636056248605913e-06 6.78876459903175964e-06
10.3731834500768567 3.532322575432074180778e-05 6.91426859459987490e-06
10.3835618218475485 3.599896253573990417222e-05 5.52131293563989781e-06
10.3939505771809486 4.049386436273335904829e-05 6.16307420979060642e-06
10.4043497264657745 6.388725887163995145138e-05 6.35146472687900107e-06
10.4147592801011957 9.674670950702871584891e-05 6.07616926995127450e-06
10.4251792484967645 0.0001403112617082000114933 6.60838646310215030e-06
10.4356096420724391 0.000127725238741800012094 6.76311562204528981e-06
10.4460504712586335 0.0002007065641348999937999 6.30186631861852862e-06
10.4565017464961656 0.000166715447369399994218 6.55679990443875219e-06
10.4669634782363232 0.0002349306309552000088161 7.15896593358661306e-06
10.4774356769408179 0.0002681117136967000138571 6.32068739139364077e-06
10.4879183530818754 0.0002437727927260999963993 6.18068936344360177e-06
10.4984115171421966 0.0002003168870674000014934 7.00174068313582904e-06
10.5089151796148847 0.0001714579594069999936637 5.72149505926846726e-06
10.5194293510036161 0.0002552440674859000175299 6.20123340441979510e-06
10.5299540418225543 0.000248791632386600005452 7.28394355111562080e-06
10.5404892625964184 0.0002715001379799000065171 6.17978394915210828e-06
10.5510350238604325 0.0003657264233719000122262 7.05269331244962089e-06
10.5615913361603528 0.0004205144057078000164804 7.34754573500835847e-06
10.5721582100524962 0.0003339368647239999879188 6.12750660167068736e-06
10.5827356561037220 0.000347388929791399975449 5.96120948035813683e-06
10.5933236848914714 0.000377553452343700021894 7.15269277805492076e-06
10.6039223070038044 0.0003199942988464999954652 6.20817488153824789e-06
10.6145315330393437 0.0004008265620997000246682 6.29651933968280569e-06
10.6251513736072880 0.0002654357614441000016645 6.87477532893122473e-06
10.6357818393275103 0.0002818407485948999885265 7.05662579045377172e-06
10.6464229408304636 0.0001990510961771000048633 5.88461605301479095e-06
10.6570746887572287 0.0001852387352203000098552 7.10288450990909995e-06
10.6677370937595537 0.0001029592717462999971632 6.41896080647479182e-06
10.6784101664998552 0.0001248941371305999938329 6.28990636456820698e-06
10.6890939176512152 0.0001100442417864000026239 6.35881374181611940e-06
10.6997883578974111 6.632053962348757924009e-05 6.12319365717888007e-06
10.7104934979328448 9.095632744654224004395e-05 5.81692642145366595e-06
10.7212093484626223 1.051757944616801161155e-05 7.77662567674610196e-06
10.7319359202026483 8.520289481651025116898e-06 6.47155384699530488e-06
10.7426732238794838 1.944348979405323632886e-05 5.94830309716341890e-06
10.7534212702304561 1.795833555735139563372e-05 6.32454694029922518e-06
10.7641800700036114 1.157080434940973761107e-05 6.36903340288476166e-06
10.7749496339577284 3.0143713415355920677e-05 5.82349027647169243e-06
10.7857299728623577 9.240141501528820644658e-05 7.00681324488545495e-06
10.7965210974978660 0.0001535609184042000072579 7.37131582069004666e-06
10.8073230186553584 0.0001285206618575999992782 6.23971887078329944e-06
10.8181357471367505 0.0001369567446438999891532 6.67142451068977488e-06
10.8289592937548047 0.0001188482970443999935453 7.06487633267534955e-06
10.8397936693330834 0.0002280056000484000024338 6.71786470137125734e-06
10.8506388847059263 0.0001088014149647000027629 6.63848241342836372e-06
10.8614949507185496 0.0001893061728046999993291 7.38878434266599368e-06
10.8723618782270339 0.0003094697835031000061196 6.72999141995610056e-06
10.8832396780983061 0.0001654359512308000107559 6.80323204995377269e-06
10.8941283612101554 0.0003388458124574999846476 8.60179271193896894e-06
10.9050279384512727 0.0003414950853111000175777 8.38911042895899884e-06
10.9159384207212558 0.0002028469738202000045672 6.72673583325692730e-06
10.9268598189305592 0.0003033926942601000232083 7.60665396378894377e-06
10.9377921440005696 0.0003163893988605000033576 7.78821402513791960e-06
10.9487354068636424 0.0002921222476029000083772 7.34355004148078926e-06
10.9596896184630541 0.0001533980453034000125939 8.23539164055902324e-06
10.9706547897529880 0.0003770656528362999887483 7.73862114621153394e-06
10.9816309316986143 0.0003803450230073999994117 7.53590202779905782e-06
10.9926180552760968 0.0002986490189130000245769 9.30034362047283070e-06
11.0036161714725065 0.000158375642436200009559 7.76131789237139496e-06
11.0146252912859861 0.0001357230749578000052972 6.56329108971757294e-06
11.0256454257257008 0.0003482649554862000192308 7.21444315313824770e-06
11.0366765858117724 0.0003527072273568000087066 8.06683696712798451e-06
11.0477187825753678 0.0003101067311447000020286 7.56952282265734680e-06
11.0587720270586516 0.0004743304066117000057472 8.00027227474651077e-06
11.0698363303148888 0.0004944905065721000129997 8.67805881235065053e-06
11.0809117034083808 0.0005341327980125999989533 8.44967117123021625e-06
11.0919981574145048 0.0005126496467692000496424 7.77545416293620252e-06
11.1030957034197204 0.0002973314662563000245962 9.06224637005124432e-06
11.1142043525215399 0.0005011929751788000379081 8.03266514738720848e-06
11.1253241158286311 0.0003950045754366000231965 7.70659829840581561e-06
11.1364550044607835 0.0004435003787384000093277 8.60120060870436592e-06
11.1475970295488764 0.0005567637004257999832138 8.86491767226829194e-06
11.1587502022349216 0.0005405851566291999549946 9.63685222534138882e-06
11.1699145336720775 0.0004949067822946000110018 8.28978091647897642e-06
11.1810900350247078 0.0005955474281616999782801 8.69790659865361190e-06
11.1922767174683155 0.0004810929038484000087872 7.81390009706976045e-06
11.2034745921895649 0.0001618589764426999920086 7.24605030401512473e-06
11.2146836703863446 0.000196437528927800012955 8.67410692903436469e-06
11.2259039632677400 0.0002940997479524000250695 7.86545585865980233e-06
11.2371354820540343 0.0003597407067320000108833 7.95359176424975248e-06
11.2483782379767447 0.0002507901335404999769614 9.99570643562530388e-06
11.2596322422786344 0.0001376915625247999953266 8.16486276765385914e-06
11.2708975062137178 0.0002636939322192000112466 7.75246620931217614e-06
11.2821740410472273 0.0005129975815229999552142 8.98291491221899517e-06
11.2934618580556911 0.0005110758633649000208174 8.99838924249387425e-06
11.3047609685269563 0.0005998361122810999665131 8.58364736409054670e-06
11.3160713837601143 0.0004526215871353999795589 9.11064411771915587e-06
11.3273931150656164 0.0004773497371891999969083 9.53735275136864967e-06
11.3387261737651794 0.0005714686257799999734991 8.44637785977230217e-06
11.3500705711918624 0.0005552828325633999903554 8.83910874811039525e-06
11.3614263186900608 0.0005493303744105000000625 9.92235574898868402e-06
11.3727934276155125 0.0005284776516787999690178 8.82317639120553602e-06
11.3841719093353486 0.0004336010621905999847837 8.02278492423943464e-06
11.3955617752280460 0.0005292484445374000126897 9.30880782567670440e-06
11.4069630366834485 0.0005673555894356000113554 9.25632822739752761e-06
11.4183757051028518 0.0005822377862167999861692 8.47386503519784550e-06
11.4297997918989296 0.0006650021647513999550547 9.38064839799954603e-06
11.4412353084957363 0.0005785001932387000191799 9.52394552986345255e-06
11.4526822663287913 0.000363999925550999986739 8.51449813856249191e-06
11.4641406768450622 0.0002153356463692000094534 8.39600841463470210e-06
11.4756105515029603 0.0003278205850389999810417 8.92197309926722472e-06
11.4870919017723807 0.0005236427703884000443499 9.35722360314718990e-06
11.4985847391346674 0.0004726953397558000184546 8.84611117936024978e-06
11.5100890750826448 0.0003143964510997999733596 8.26434117000491858e-06
11.5216049211206446 9.976663796781531467865e-05 9.30021919184865943e-06
11.5331322887645396 0.0002972511030055000210391 8.74851987347280252e-06
11.5446711895416882 0.000468162167852399996662 8.36577311554194820e-06
11.5562216349909992 0.0004147762026417000248008 9.99864010106448204e-06
11.5677836366629165 0.0005207508070156999799641 8.14771156021126393e-06
11.5793572061193952 0.0005159834139449499552238 7.94066236182614871e-06
11.5909423549340644 0.000451611542478749946293 8.66478982775685790e-06
11.6025390946920517 0.0004853483612903000069677 8.27032541976373088e-06
11.6141474369900681 0.0005119158293447499327722 7.67717941916871535e-06
11.6257673934365240 0.0005107586107306500170996 8.13504043148648136e-06
11.6373989756513687 0.0004697313128205999688616 8.63676817938428267e-06
11.6490421952661354 0.0004076625965893500118387 7.54134828185619385e-06
11.6606970639240721 0.0005357561874180500173862 8.93649616185877098e-06
11.6723635932800285 0.0004945555533751000128542 8.80092414441495997e-06
11.6840417950005335 0.0004993555515822999547187 8.52345722056086545e-06
11.6957316807638243 0.0003696066933901999917132 6.62889494453100458e-06
11.7074332622597606 0.0001499476529582000072522 6.09292457116416263e-06
11.7191465511899260 0.0001194532889649000051901 7.00632626527712296e-06
11.7308715592676194 0.0002000204727973000078545 6.93617054225201586e-06
11.7426082982178315 0.0002160351337188999945073 6.75018702088147342e-06
11.7543567797773338 0.0003560555325371000078005 6.51285597507046552e-06
11.7661170156946078 0.0003822048565653000007543 7.87203544643566146e-06
11.7778890177298798 0.0004139339633054999931759 7.88555583809363911e-06
11.7896727976551343 0.0002607990929812999949741 7.19599324342867359e-06
11.8014683672541594 9.38325375487894628064e-05 6.35890816486169231e-06
11.8132757383225364 0.0003299469408913000001426 7.11690552203501625e-06
11.8250949226676436 0.0003472426133184000206396 7.84797897320217568e-06
11.8369259321086844 0.0004538795200124999887348 7.76757583046566034e-06
11.8487687784766358 0.0003976189277368000077675 7.12481391111789525e-06
11.8606234736143286 0.0004379764127882999837256 7.46771241835996151e-06
11.8724900293765003 0.000322081391089599990054 7.82612546029499950e-06
11.8843684576297157 0.0004689809936661000033635 7.41131801523319866e-06
11.8962587702523681 0.0004850360919561999746043 7.26801032851132573e-06
11.9081609791347809 0.0004057381028123000117624 7.85172843653550011e-06
11.9200750961791684 0.0004772922995634000021582 8.31832587175946327e-06
11.9320011332996199 0.0004924355968352000199884 8.26235614984021681e-06
11.9439391024222044 0.0004763688989737999862108 7.98981038340759671e-06
11.9558890154848871 0.0003954513659116000163889 8.09548059258555868e-06
11.9678508844375759 0.0003059458861408999828801 8.05045083774307120e-06
11.9798247212421298 0.0001625408369972999996986 9.18762389243477162e-06
11.9918105378724160 0.0001989926050412999880904 8.07498581835015896e-06
12.0038083463142300 0.0002212980144444000026125 7.79981527230365938e-06
12.0158181585653843 0.0002916929292965000203829 8.21195569125841005e-06
12.0278399866357155 0.0004263761612795000208349 7.98451846905614509e-06
12.0398738425470295 0.000235147384139499998016 7.70852095364390096e-06
12.0519197383331793 0.0004134705426071000225301 8.93926233733474252e-06
12.0639776860400687 0.0003663686020251000186564 8.23632933263047237e-06
12.0760476977256399 0.0002238728966162000010107 8.00680955932379252e-06
12.0881297854599143 9.79486718562452574879e-05 7.94527560482169903e-06
12.1002239613249927 0.0002108846864978000082598 7.87749813363330988e-06
12.1123302374150352 0.0003906120129843999931422 8.89594411373986979e-06
12.1244486258363313 0.0004243969503558999941707 8.90405110643506269e-06
12.1365791387072726 0.0004769551162814999892628 8.33318978630909768e-06
12.1487217881583565 0.000511364954533899992821 8.66507342780280651e-06
12.1608765863322219 0.0004215869356650999767201 8.70358796084196635e-06
12.1730435453836865 0.0005363894111959999558281 8.64339046828092849e-06
12.1852226774797128 0.0004811987998554000220582 8.25207352037299670e-06
12.1974139947994313 0.0004962147838429999775409 8.38031086044776962e-06
12.2096175095341817 0.0004218269525810000109348 8.67947435820659051e-06
12.2218332338874465 0.0004416481131538000206097 7.99170930349834383e-06
12.2340611800749475 0.0004016999625806000166761 7.83468211932099814e-06
12.2463013603246473 0.000136199679036800002643 7.51736584074063542e-06
12.2585537868767247 0.0001954014986558999869559 7.67922950715063516e-06
12.2708184719836204 0.0003008280319698999807215 7.70912877731097894e-06
12.2830954279100215 0.0001789368829618000113907 7.57643590934751361e-06
12.2953846669328577 0.0003914113916341999880981 7.93578091012667452e-06
12.3076862013413795 0.000279235723444399999791 7.83547078880082063e-06
12.3200000434371368 0.0004373381671055000165932 8.26807630250894090e-06
12.3323262055339598 0.0004952371125867999516676 8.04722594884635988e-06
12.3446646999580327 0.0003328706764783000019228 8.17412649080506878e-06
12.3570155390478487 0.0003574390586659000230985 8.31328383054105382e-06
12.3693787351542284 0.0002639148860609999837183 8.03666462754717838e-06
12.3817543006403632 8.199649731060086805309e-05 7.78117369457578230e-06
12.3941422478818293 0.0001598595840213999955907 8.16574515263787162e-06
12.4065425892665715 0.0001684928954233999901478 7.56198065381221629e-06
12.4189553371949479 0.0003584630675001999823744 7.58751797673494992e-06
12.4313805040797032 0.0003667139445362999875151 7.96160453621109466e-06
12.4438181023459755 0.0003479293175679000049011 7.83439048067354714e-06
12.4562681444313927 0.0003612405522376999902553 7.80121873430285868e-06
12.4687306427860101 0.0004344729102767999921395 8.03901641568306808e-06
12.4812056098722834 0.0004166764615942999939145 8.56657448083993399e-06
12.4936930581652046 0.0003954887563294999974946 7.96756768724851603e-06
12.5061930001522352 0.0003470964311896000014691 7.83565569605279092e-06
12.5187054483333160 0.0002127830946826999929892 7.98800397990716693e-06
12.5312304152208824 0.0002109692376861999920084 7.23871983892639994e-06
12.5437679133398845 0.0002729094928712999783976 7.65171429331138881e-06
12.5563179552278399 0.0002563560523240000148075 8.04185484077906672e-06
12.5688805534348322 0.000281663873316600002223 7.64843934769908934e-06
12.5814557205234365 0.0003867339644857000174709 7.90745087121610042e-06
12.5940434690687759 0.0002112050013211999935359 7.58846049422416760e-06
12.6066438116586248 0.0004334457621975999785414 8.04610015387580745e-06
12.6192567608933519 0.0003957031081558999964856 7.70427582220955748e-06
12.6318823293858795 0.0002799254480807999902886 8.04788062700284580e-06
12.6445205297617704 0.0004723231884152999881209 8.21264612777805151e-06
12.6571713746592796 0.000459865357467099976959 8.01092835349194453e-06
12.6698348767292153 0.0004743990232398999904763 8.03024178496165319e-06
12.6825110486350603 0.0001987837390471000045475 7.60260023523265535e-06
12.6951999030530036 0.0001487714336487999905283 7.74671386159572936e-06
12.7079014526719156 0.0002435560348021000010282 7.64724256240246881e-06
12.7206157101933393 0.0002513456258178000204441 7.65357300399584593e-06
12.7333426883315166 0.000230331673275000002165 7.86515809854081522e-06
12.7460823998134565 0.0002729169039020999795384 7.78680295782600891e-06
12.7588348573788686 0.0004435466483873999892114 7.99832676927199599e-06
12.7716000737801991 0.0003739222182621999824269 8.04292934139522825e-06
12.7843780617826717 0.0005314552705869999768562 8.28834810843524146e-06
12.7971688341642569 0.0004983192987858000265466 8.40080842733097587e-06
12.8099724037157472 0.0002242575762607999876469 7.82452494388075985e-06
12.8227887832407088 0.0002844451885173000012935 7.64765953651162847e-06
12.8356179855555084 0.0004161855663854999837735 7.92833329215571264e-06
12.8484600234893662 0.0003171520447256999928644 7.95462115386071677e-06
12.8613149098843156 0.0004289231904260000006503 8.32066235600383541e-06
12.8741826575952381 0.0002759622339677999798384 8.04020856672342253e-06
12.8870632794899045 0.0003729302221569000220722 8.45516345200853464e-06
12.8999567884489483 0.0002924524782477000255099 8.58935742325362931e-06
12.9128631973658354 0.0003607790934400999867566 8.99107426686005589e-06
12.9257825191469795 0.0002917601465749000157722 9.00019598236411814e-06
12.9387147667117297 0.0004258223849666000100644 9.37999031099849661e-06
12.9516599529923262 0.0004329505620007999895822 9.09385270074229163e-06
12.9646180909339552 0.0003525744591062000268464 9.03456229211770865e-06
12.9775891934947474 0.000266487364006399985155 1.04827865553647606e-05
12.9905732736458308 0.0004778996493440999739251 8.72472453271766574e-06
13.0035703443712780 0.0005203068088209000146074 8.73054452050766774e-06
13.0165804186681235 0.0003361134199248999999791 8.20342221913533333e-06
13.0296035095464600 0.0002864974695815000185414 8.28476053579331111e-06
13.0426396300293952 0.0002960246088263000134935 8.64346734144992731e-06
13.0556887931530685 0.000347996325233299974404 8.59186070559779682e-06
13.0687510119666168 0.0003330563654163000062401 1.01996784892499604e-05
13.0818262995322687 0.0003372171581010000181687 8.77414506132861688e-06
13.0949146689252967 0.0004650157877720999862609 9.06881472683000732e-06
13.1080161332340754 0.0004211888414238999767646 9.01123460211303926e-06
13.1211307055600876 0.0003633448199126999996443 8.90310365945149331e-06
13.1342583990179111 0.0003686135711638000153276 9.20687013612317128e-06
13.1473992267352369 0.0002343902342155999960101 9.06625452366223684e-06
13.1605532018528635 0.0003968968488839000113497 9.13959853061239813e-06
13.1737203375248022 0.0003465299310164999938878 8.91239363213223051e-06
13.1869006469181862 0.0003751783001519999800367 9.63192225658812833e-06
13.2000941432132901 0.0004920457822883999481414 9.27366533372699669e-06
13.2133008396036313 0.0003749273243527000230163 9.07244471731559268e-06
13.2265207492959167 0.000332357530042699973738 1.07732337748262793e-05
13.2397538855100478 0.0003868908996367999828837 9.88834931750418864e-06
13.2530002614791602 0.0003361839776295999851485 9.90322795382737201e-06
13.2662598904496445 0.0002658579772278999863062 9.62571527078045926e-06
13.2795327856811287 0.0003899149948841000102098 9.67567753308501679e-06
13.2928189604464908 0.0002970372643520999928965 9.95469657038200064e-06
13.3061184280319367 0.0003476577918626999998478 1.00824819307717952e-05
13.3194312017369363 0.0003711269291692999836886 9.75323511552946724e-06
13.3327572948742397 0.0003401948471214999978642 1.06273808256180803e-05
13.3460967207699355 0.0003342286174834000226849 1.05336888179270513e-05
13.3594494927634617 0.000207100853497499989668 1.05863279312644153e-05
13.3728156242076004 0.000319263109190000000763 1.03059748357234495e-05
13.3861951284684757 0.0002976328831233999690567 1.04811630905141027e-05
13.3995880189255825 0.0003268448610092499709984 1.06551689654164980e-05
13.4129943089718235 0.0001901527367511500151744 1.04776519374702982e-05
13.4264140120134954 0.0001776103869650000029526 9.94275204259923961e-06
13.4398471414703113 0.0002400006499188499990531 1.03878103591714868e-05
13.4532937107754016 0.0002921254067369500142561 1.09363313842655179e-05
13.4667537333753167 0.0003271806406507000194832 1.07440770827740905e-05
13.4802272227300541 0.0003639534689412999928469 1.03122500029949758e-05
13.4937141923131314 0.0004005040608919999784929 9.93765601833872346e-06
13.5072146556115360 0.000341660048986099985132 9.47923674970413767e-06
13.5207286261257114 0.0003804128027869000013006 1.00528700152618900e-05
13.5342561173696279 0.0004682708301517000005348 1.04293407059031836e-05
13.5477971428708006 0.0005016026243605999773711 1.04774650722601556e-05
13.5613517161702433 0.0002713561720074000177538 9.26653439927326054e-06
13.5749198508225355 0.000272396340727499978486 9.10973701166832244e-06
13.5885015603958177 0.0004457595129459000012247 1.00058073569417753e-05
13.6020968584717714 0.0003383467791698000263177 9.44394944585889397e-06
13.6157057586457366 0.0004534898650314999972964 9.47933397775319010e-06
13.6293282745266193 0.0005240285943353000007797 9.13367049368891636e-06
13.6429644197369004 0.0003678090714081000021582 8.83621502387823951e-06
13.6566142079127246 0.0003350477255945000037117 9.09215308326367979e-06
13.6702776527038914 0.0004371004944192000249599 9.22841415873534607e-06
13.6839547677738480 0.0003021885941573000211417 8.79133641571630153e-06
13.6976455667997037 0.0004623560945718000196776 9.23351161572768948e-06
13.7113500634722616 0.0003780304050386000015715 9.77026476930330373e-06
13.7250682714960153 0.0003379167097118999886149 1.00202909849519565e-05
13.7388002045891966 0.0004420457652234999765609 9.84293124490756072e-06
13.7525458764837438 0.0003944835396161999740983 9.92707289864247189e-06
13.7663053009253247 0.0005319204302324999789758 9.82372765909660339e-06
13.7800784916733363 0.0005164325036559000176722 9.99955444062393956e-06
13.7938654625010084 0.0003999128346628000188825 9.99990182165701413e-06
13.8076662271952983 0.0003718344601259999959199 1.04725963225129101e-05
13.8214807995569569 0.0003732539949078000104769 1.00137738805878018e-05
13.8353091934005477 0.000369878901375000001487 9.86112753650464641e-06
13.8491514225544847 0.000294045721899299989429 9.90915256623383278e-06
13.8630075008610021 0.0003063244817078000217445 1.01546196876382445e-05
13.8768774421761805 0.0004401354403908999896392 1.05584446641688804e-05
13.8907612603699366 0.0003921122548940000202 1.02647107875323242e-05
13.9046589693260891 0.0004436001939610999971787 9.74759041558328735e-06
13.9185705829423831 0.0004532967030854999812735 1.00150388550363757e-05
13.9324961151304283 0.0005545117521675999505346 1.01214130937881923e-05
13.9464355798157964 0.0005971251236395999683129 1.03572920479511125e-05
13.9603889909378935 0.000433898923942700016302 9.81705323280655596e-06
13.9743563624501039 0.0005071443001264999955041 9.55269557269843252e-06
13.9883377083198326 0.0004429106678108999761538 9.25716678096652246e-06
14.0023330425284271 0.000297756366340100006064 1.00655326375014055e-05
14.0163423790712312 0.0002811604560653000253745 1.02764201848027940e-05
14.0303657319575894 0.0003848726884806999925213 9.85318865683368402e-06
14.0444031152108568 0.0003505229145578999815254 9.16025154521356335e-06
14.0584545428684127 0.0004550656052525000228211 9.63910521430647540e-06
14.0725200289816765 0.000361527445304700011542 9.69198594702122799e-06
14.0865995876161403 0.0002713382646140000196804 9.65373586580943948e-06
14.1006932328513894 0.000347577292879200014375 9.88752182528845841e-06
14.1148009787810516 0.0004030044201024999802122 9.27500419358088206e-06
14.1289228395128479 0.0003017922960645999736276 9.11342301515146052e-06
14.1430588291686608 0.000282849681330699976884 9.38839424565299544e-06
14.1572089618844714 0.0003754396506289000212328 9.55177447265647966e-06
14.1713732518104152 0.0001984180634997999921783 9.48269050165505549e-06
14.1855517131108257 0.0002644084485220999877243 9.58610298024441116e-06
14.1997443599641180 0.0002763148437983000012784 9.29671996816979271e-06
14.2139512065629106 0.0002059357368384999908886 9.37504388694777924e-06
14.2281722671141164 0.0002540358680366999765722 9.57958685566061540e-06
14.2424075558387919 0.0003751904026371000026342 9.63216935392183186e-06
14.2566570869721954 0.0003523597706800000203646 9.84320791771495666e-06
14.2709208747638634 0.0003684709248569999857567 9.63081322924615180e-06
14.2851989334775968 0.0004196575363182999756327 9.41776244537107147e-06
14.2994912773914535 0.0004578265512743000167223 1.07574685128600663e-05
14.3137979207977821 0.0003826562294228999928751 9.47638303470685629e-06
14.3281188780032007 0.0002355309247372999888713 9.66063542228395535e-06
14.3424541633287141 0.0002688350922166000077883 9.76191284844825629e-06
14.3568037911096127 0.0002373022805549000031032 9.42584379930157146e-06
14.3711677756954845 0.0003114964769014999805725 9.86728370431252014e-06
14.3855461314503206 0.0003940385299146999947828 9.46048003384925999e-06
14.3999388727524718 0.0002925247361199000140086 9.20273000963400322e-06
14.4143460139946740 0.0003213352779437999868356 1.05185051238485307e-05
14.4287675695840960 0.0003413340941113000197651 9.62678704969501999e-06
14.4432035539423040 0.0002558811242335000185263 9.54657669560927933e-06
14.4576539815052705 0.0002784239909527000248791 1.02929808592062674e-05
14.4721188667234362 0.0002929772592579999801812 9.59138828238375403e-06
14.4865982240616820 0.0002040949921076999900183 9.48533091805489555e-06
14.5010920679993447 0.0003131507832307999818211 9.83798825219090919e-06
14.5156004130303007 0.0001830117430705999919446 1.01372940316731036e-05
14.5301232736628823 0.0002572413861245000077892 9.20245694161138241e-06
14.5446606644199292 0.0003309755400280999914492 9.83528363977928316e-06
14.5592125998388475 0.0004123911532147000037589 1.00789919934056276e-05
14.5737790944715844 0.0004215762553753000119877 9.79067993347589198e-06
14.5883601628846193 0.0004096181895603999770228 1.01838763704652232e-05
14.6029558196590195 0.0004329138289522000077394 1.05792899166819648e-05
14.6175660793904516 0.0005122664762653999928968 9.76662056248658618e-06
14.6321909566891915 0.0005239598021174000095149 1.04552768745088163e-05
14.6468304661801234 0.0005092790208149000023147 9.96722044641627169e-06
14.6614846225027566 0.000464803209190200008246 1.03678655004063353e-05
14.6761534403112197 0.0005218609243347999658569 1.03867471967997995e-05
14.6908369342743477 0.0004528166310864999892852 1.02343862335577561e-05
14.7055351190756394 0.0004417937702945000095871 1.05916379711809179e-05
14.7202480094132664 0.0004219176795206000052732 1.01604946375828623e-05
14.7349756200001085 0.0003940052960979000028566 1.04860650459473060e-05
14.7497179655637964 0.0005062705183783999546981 1.05437157709834863e-05
14.7644750608466744 0.0004291996839316000018037 1.10053556077439102e-05
14.7792469206058392 0.000386619547883999988263 1.06699206014150518e-05
14.7940335596131618 0.0004458342599772999832394 1.02959404197565285e-05
14.8088349926552745 0.0003728189890215000265247 1.02789411129466982e-05
14.8236512345335925 0.0003969281371460999831291 1.01666413951662562e-05
14.8384823000643884 0.0004470480628024000192139 1.06436123831763164e-05
14.8533282040787409 0.0004262434971967000215537 1.02030784917802637e-05
14.8681889614225433 0.0004373756915167999778475 1.02646536714573761e-05
14.8830645869565448 0.0004406779654989000094556 1.02297867205015782e-05
14.8979550955563518 0.0003500916503018000050171 1.06849334307126473e-05
14.9128605021125118 0.0003298727430434000179073 1.08164452313918084e-05
14.9277808215304315 0.00030731435195950000238 1.03467210726654178e-05
14.9427160687303893 0.0003616858170432000140447 1.07347365394187405e-05
14.9576662586476381 0.0003389208902224000153312 1.08853910785225423e-05
14.9726314062323969 0.0002853009425310000209478 1.10064874831231408e-05
14.9876115264498306 0.0003205237534753999865261 1.09003490391291464e-05
15.0026066342800437 0.0004115230188018000252216 1.20365294630071317e-05
15.0176167447181061 0.0004534261323993000114205 1.07634801028765152e-05
15.0326418727741569 0.0005305793310933999739135 1.11828709241003794e-05
15.0476820334733432 0.0003870895083223000170819 1.10344976622890874e-05
15.0627372418558263 0.0004349695735383000256245 1.11636435441010296e-05
15.0778075129768041 0.0003752482633576000058996 1.10940501887644442e-05
15.0928928619065701 0.0003200157531769000167875 1.11492745456437565e-05
15.1079933037304563 0.0004423244785091999986722 1.14459777419902474e-05
15.1231088535489047 0.0003991820440460999794979 1.10206300814567559e-05
15.1382395264774647 0.0004825028270459000225186 1.13560565669659494e-05
15.1533853376468155 0.0003451330323779999839293 1.07719804510007885e-05
15.1685463022027562 0.0002276632800712000018282 1.06179978757707685e-05
15.1837224353062563 0.0003939481368113000037123 1.12838937213367880e-05
15.1989137521334658 0.0004462562884964999822789 1.11039080820676661e-05
15.2141202678756837 0.0004466893073132000122234 1.15073517113984307e-05
15.2293419977394304 0.000374176697310899984087 1.17421647794485719e-05
15.2445789569464303 0.0003703158435759999820951 1.15210271855927445e-05
15.2598311607336807 0.0004067193170183000050857 1.14976140853649357e-05
15.2750986243533706 0.0004044154698438000251556 1.14056339050812501e-05
15.2903813630729424 0.0003187638580514999802479 1.13588726586690463e-05
15.3056793921751364 0.0003138137968939000150941 1.17465556412856888e-05
15.3209927269580088 0.0003359131906011999916563 1.19370773784933284e-05
15.3363213827348908 0.0002840860430808000124114 1.17160484255564938e-05
15.3516653748344236 0.0002746055945695000024415 1.12859526737909286e-05
15.3670247186006179 0.0003022854155390999929612 1.19200114547755278e-05
15.3823994293928088 0.0003070066820249999742405 1.21145998631999922e-05
15.3977895225857129 0.0002827034948536000257859 1.16121425176073397e-05
15.4131950135694336 0.0003119589609581000237866 1.18011857041008558e-05
15.4286159177494326 0.0003763775190640999751199 1.09351768821530162e-05
15.4440522505466404 0.0003359128800255000140557 1.11539034904643280e-05
15.4595040273973883 0.0004188656867339000337142 1.12312659208644483e-05
15.4749712637534493 0.0003805014641428999984385 1.11583269608394003e-05
15.4904539750820636 0.0003131748782086500007722 1.11265840249376011e-05
15.5059521768659323 0.000363664473349900000277 1.11139065173510598e-05
15.5214658846032645 0.0002672604091709000284985 1.10563903128327919e-05
15.5369951138077607 0.0003626895093052500155736 1.19137577513253580e-05
15.5525398800086805 0.0003660940947254000179395 1.15036035878810056e-05
15.5681001987507717 0.0003892154030821999891564 1.03057568703334363e-05
15.5836760855943517 0.0004277268943876000231036 1.07086051345666062e-05
15.5992675561153238 0.000440236470987500022687 1.04398009593602204e-05
15.6148746259051485 0.0003837302685188999731326 1.02776098509627593e-05
15.6304973105709237 0.0003236525594332000251539 1.05275087943000444e-05
15.6461356257353099 0.0004430836303965999785695 1.08956003969681634e-05
15.6617895870366084 0.0003780728454693000066718 1.05357408514545516e-05
15.6774592101287968 0.0003288764783993000195665 1.04962587582998474e-05
15.6931445106814849 0.0003370284262560999826754 1.04579856440562952e-05
15.7088455043799833 0.0003911091850697000151145 1.08049640917215884e-05
15.7245622069253042 0.0003656007345529000015193 1.04608693360983166e-05
15.7402946340341305 0.0002907878914777999794332 1.04881283005049047e-05
15.7560428014389124 0.0003470447369352000033076 1.05761993414194580e-05
15.7718067248878224 0.0003388205079604999819982 1.04613828920489726e-05
15.7875864201447644 0.0001834874311007999962697 1.06819258473936937e-05
15.8033819029894360 0.0002396172895473000019964 1.04527896384143219e-05
15.8191931892173407 0.0003587626202313000129546 1.07059640278804405e-05
15.8350202946397562 0.0004215083605920999791812 1.12570910330430887e-05
15.8508632350837768 0.0003074689714946000212992 1.07724631615908685e-05
15.8667220263923507 0.000341246366412100007523 1.09231393628032616e-05
15.8825966844242767 0.0003450033736014999734276 1.14817587350261562e-05
15.8984872250541915 0.0003825436743959000182765 1.16235027026758142e-05
15.9143936641726356 0.0003155103629689000191774 1.16495873683047440e-05
15.9303160176860601 0.0003474350137820000059864 1.18071392023177777e-05
15.9462543015168485 0.0002824138610060000255386 1.19629738885405076e-05
15.9622085316032756 0.0003081913477219999880456 1.17286781152907487e-05
15.9781787238995907 0.0002761636433132000248251 1.22416424494797662e-05
15.9941648943759684 0.0002589503519916000169945 1.23833958286483584e-05
16.0101670590185350 0.0003816829464279000217776 1.23099724432153081e-05
16.0261852338294695 0.0003634692391821000147061 1.20917278774295939e-05
16.0422194348270075 0.0003363589657849000045739 1.19000994833552165e-05
16.0582696780453098 0.0003791988302430999882402 1.20098720307871473e-05
16.0743359795346343 0.0003988463831721000157383 1.36541387242841403e-05
16.0904183553612867 0.0003921757257451000079282 1.48675123258762116e-05
16.1065168216076025 0.0002444743764650000200124 1.21116023091866446e-05
16.1226313943721138 0.000304156060353800007743 1.25570918024339783e-05
16.1387620897693580 0.0003455008897733999741024 1.25076081147700545e-05
16.1549089239300159 0.0003527467120892999880022 1.21315220931903777e-05
16.1710719130009579 0.0003056247694075000056503 1.28341567127905185e-05
16.1872510731451662 0.0003120568996191999981346 1.27847534988233639e-05
16.2034464205417663 0.0003618483458390000248941 1.25404032976403313e-05
16.2196579713861304 0.0003919611721298999840526 1.25717968926109155e-05
16.2358857418898310 0.0002721188854940999866418 1.24207193060110299e-05
16.2521297482806020 0.0002882692356113000157862 1.28959770000510899e-05
16.2683900068024911 0.0002333381016190000064366 1.26295625788905863e-05
16.2846665337157290 0.0003643559526570000158853 1.34494153417954512e-05
16.3009593452968566 0.0003013784970135000040349 1.26765440647388197e-05
16.3172684578387077 0.000263491412898499979215 1.28923855123613726e-05
16.3335938876503768 0.0003333309171983999752778 1.28802837275768118e-05
16.3499356510572831 0.0003621894261888999920831 1.25613112170806594e-05
16.3662937644012167 0.0004000926764712000238342 1.28651986425186358e-05
16.3826682440402749 0.0004671795154542999779085 1.28344269199824822e-05
16.3990591063489184 0.0004279597116848000135959 1.33386973502565822e-05
16.4154663677180501 0.0004338180303288000040293 1.27464548790954718e-05
16.4318900445549261 0.0004015906665019999756579 1.31384422741638324e-05
16.4483301532832087 0.0003783076434158000041046 1.25047416896451315e-05
16.4647867103430023 0.0003480900526689000126952 1.35148381660366608e-05
16.4812597321908960 0.0003623002105966999881678 1.24589258561761261e-05
16.4977492352998958 0.0004082660912170000015384 1.36737424012852833e-05
16.5142552361594852 0.0003779145345622999976713 1.22502618167032557e-05
16.5307777512756964 0.000363338207903800020776 1.33793290782263405e-05
16.5473167971710424 0.0002415036976148999918468 1.32798968495330298e-05
16.5638723903845531 0.0003452627825163999734058 1.29711377046915539e-05
16.5804445474718243 0.0002827684822995000070781 1.26926475981557646e-05
16.5970332850050255 0.0002779349991906999864724 1.29564711117172043e-05
16.6136386195729422 0.0002826713248445000045 1.24955977586281367e-05
16.6302605677808764 0.0003116314689451999851363 1.29592859622508432e-05
16.6468991462507212 0.0002867844536996999853934 1.27027996105898685e-05
16.6635543716210783 0.0001992639037915000066285 1.30044804497945282e-05
16.6802262605472045 0.0002692026330583000242984 1.28313531279906258e-05
16.6969148297009866 0.0002971505719010999763824 1.34661877843948568e-05
16.7136200957709846 0.0002866058508115000265717 1.29933269025031521e-05
16.7303420754624739 0.0003891907125022999770769 1.30844730440358565e-05
16.7470807854974346 0.0004343567434675000204711 1.32787741545831753e-05
16.7638362426145733 0.0004327291857404999900205 1.34805185675894020e-05
16.7806084635693651 0.0004618852861317999892662 1.32354665178621738e-05
16.7973974651340150 0.0003341907385273000215611 1.35562080240682084e-05
16.8142032640975039 0.0003247829611026999976041 1.24430888609891720e-05
16.8310258772656738 0.0003615244741527999798765 1.37853740586927805e-05
16.8478653214611249 0.0003361932584809999889977 1.34051773365097647e-05
16.8647216135232938 0.0004029506846393999782222 1.32832498394386964e-05
16.8815947703084852 0.0003594552619858999947637 1.39750641600922400e-05
16.8984848086898509 0.0003574125943308000008004 1.33634412876028446e-05
16.9153917455574394 0.0004169126673957999971824 1.31730046555551780e-05
16.9323155978181781 0.0003505659462058999839389 1.36876454752623760e-05
16.9492563823958875 0.0003536312989340999971694 1.34192172895279401e-05
16.9662141162313880 0.0004239757208722999960553 1.37435247160865736e-05
16.9831888162824214 0.0003733420878545999827859 1.35378338716653223e-05
17.0001804995236867 0.0004155173002636999846082 1.32359799664245443e-05
17.0171891829468827 0.0004905510444739999897576 1.34710095978686122e-05
17.0342148835606864 0.0005002488772706000343463 1.41410491935703622e-05
17.0512576183908067 0.0004453769479253999984125 1.44764640856062141e-05
17.0683174044799699 0.0004695584076600000148459 1.34853069581089034e-05
17.0853942588879448 0.0004481986783111000178029 1.37705504956622083e-05
17.1024881986915922 0.0003356353938682000255175 1.36690164043313700e-05
17.1195992409848579 0.0004594773704651999857163 1.38147804079784967e-05
17.1367274028787904 0.0004821206760671999970447 1.48593079945732416e-05
17.1538727015015553 0.0005316157018764000293312 1.46965684584016848e-05
17.1710351539984387 0.0005784180632191999798727 1.36308431698758247e-05
17.1882147775319076 0.0005154864613920000226965 1.33565751808319713e-05
17.2054115892815958 0.0003801203419946000243435 1.34309276488794632e-05
17.2226256064443142 0.0003220678865506999767783 1.40204312549850118e-05
17.2398568462340585 0.0004140824418431000007203 1.43498615181039258e-05
17.2571053258821010 0.0004266188633500000255624 1.43180404260124597e-05
17.2743710626368845 0.0004861283539360999970264 1.44835113432099080e-05
17.2916540737641604 0.0004825394341688000153512 1.47121018780266794e-05
17.3089543765469820 0.0004280931012127000005914 1.43976730305852117e-05
17.3262719882856331 0.0003883724029861000031152 1.46393169548051277e-05
17.3436069262976957 0.0004130402864001000225354 1.48674638570585325e-05
17.3609592079181141 0.0002840861277363000161021 1.52586399504899224e-05
17.3783288504991944 0.0003982254372720999747483 1.48695911530868796e-05
17.3957158714105589 0.0005062724485004000069335 1.46899223087855153e-05
17.4131202880392024 0.0004555263235493000250828 1.49480511170959905e-05
17.4305421177895852 0.0004945118676153000209297 1.51074511554923402e-05
17.4479813780835507 0.00034622017129730002288 1.54752704682880656e-05
17.4654380863603720 0.0004153327293619000050787 1.54917925368885855e-05
17.4829122600767413 0.0003583539914921999767171 1.56704796639763009e-05
17.5004039167068264 0.0003594717548647999956143 1.54442821948240878e-05
17.5179130737422852 0.0004365371666324000150816 1.52895580062691469e-05
17.5354397486922551 0.0005151080934335999566773 1.56529474672654500e-05
17.5529839590834520 0.0004597512595204999758143 1.55101251568731353e-05
17.5705457224600785 0.0004302955149032000191529 1.54186439537535482e-05
17.5881250563838663 0.0006256415023593999780518 1.62901313807429699e-05
17.6057219784342003 0.000650968193395900021625 1.60421435138909159e-05
17.6233365062079912 0.0004324095288224999770153 1.56663738986316388e-05
17.6409686573197639 0.0004214510050427999862839 1.50296557190838006e-05
17.6586184494016543 0.0005283376874542000450549 1.52915078791177388e-05
17.6762859001034407 0.0005310280089237000072586 1.56989876458194179e-05
17.6939710270925978 0.0004992953358645999895407 1.63626544481807814e-05
17.7116738480542537 0.0004804128172278000199688 1.67791896731199766e-05
17.7293943806912289 0.0005624179244004000365401 1.58904315899064748e-05
17.7471326427240754 0.0004222590610733999963618 1.55854438306426488e-05
17.7648886518910381 0.0004498981083386999983015 1.60905890171454356e-05
17.7826624259481143 0.0005810934650796999861866 1.67116615877803309e-05
17.8004539826691044 0.0006094697735700999735586 1.66220852311707415e-05
17.8182633398455650 0.0005663395484498999835066 1.61016482720477243e-05
17.8360905152868483 0.0004276144522573000123812 1.67796037516720325e-05
17.8539355268201554 0.0004931799790351000089411 1.67542053490124279e-05
17.8717983922904722 0.0005382075421045000350809 1.68809058668407212e-05
17.8896791295606583 0.0004927785884538000418451 1.69838035688618248e-05
17.9075777565114471 0.0005029726953401000280261 1.66399270244544174e-05
17.9254942910415025 0.0004368522525577999749725 1.67663963577189865e-05
17.9434287510673514 0.0004417676051724999763785 1.61857080477324226e-05
17.9613811545234334 0.0005279606655103999965709 1.72062257011259145e-05
